9.999999999999999547e-08
1.393939393939393812e-07
1.787878787878787670e-07
2.181818181818181792e-07
2.575757575757575384e-07
2.969696969696969242e-07
3.363636363636363629e-07
3.757575757575757486e-07
4.151515151515151343e-07
4.545454545454545201e-07
4.939393939393939588e-07
5.333333333333332386e-07
5.727272727272727302e-07
6.121212121212121160e-07
6.515151515151515017e-07
6.909090909090908875e-07
7.303030303030302732e-07
7.696969696969696589e-07
8.090909090909090447e-07
8.484848484848484304e-07
8.878787878787878162e-07
9.272727272727272019e-07
9.666666666666665876e-07
1.006060606060606079e-06
1.045454545454545571e-06
1.084848484848484639e-06
1.124242424242424131e-06
1.163636363636363622e-06
1.203030303030303114e-06
1.242424242424242182e-06
1.281818181818181674e-06
1.321212121212121165e-06
1.360606060606060657e-06
1.400000000000000148e-06
1.439393939393939217e-06
1.478787878787878708e-06
1.518181818181818200e-06
1.557575757575757691e-06
1.596969696969696759e-06
1.636363636363636251e-06
1.675757575757575743e-06
1.715151515151515234e-06
1.754545454545454302e-06
1.793939393939393794e-06
1.833333333333333286e-06
1.872727272727272777e-06
1.912121212121211845e-06
1.951515151515151337e-06
1.990909090909090829e-06
2.030303030303030320e-06
2.069696969696969388e-06
2.109090909090908880e-06
2.148484848484848372e-06
2.187878787878787863e-06
2.227272727272726931e-06
2.266666666666666423e-06
2.306060606060605915e-06
2.345454545454545406e-06
2.384848484848484474e-06
2.424242424242423966e-06
2.463636363636363458e-06
2.503030303030302949e-06
2.542424242424242017e-06
2.581818181818181509e-06
2.621212121212121000e-06
2.660606060606060492e-06
2.699999999999999984e-06
2.739393939393939052e-06
2.778787878787878543e-06
2.818181818181818035e-06
2.857575757575757527e-06
2.896969696969696595e-06
2.936363636363636086e-06
2.975757575757575578e-06
3.015151515151515070e-06
3.054545454545454138e-06
3.093939393939393629e-06
3.133333333333333121e-06
3.172727272727272613e-06
3.212121212121211681e-06
3.251515151515151172e-06
3.290909090909090664e-06
3.330303030303030156e-06
3.369696969696969647e-06
3.409090909090908715e-06
3.448484848484848207e-06
3.487878787878787698e-06
3.527272727272727190e-06
3.566666666666666258e-06
3.606060606060605750e-06
3.645454545454545241e-06
3.684848484848484733e-06
3.724242424242423801e-06
3.763636363636363293e-06
3.803030303030302784e-06
3.842424242424242700e-06
3.881818181818181768e-06
3.921212121212120836e-06
3.960606060606060751e-06
3.999999999999999819e-06
