1.000000000000000000e+04
1.031721933452994563e+04
1.064450147967985504e+04
1.098216564725856188e+04
1.133054117509063690e+04
1.168996784823327835e+04
1.206079623038258069e+04
1.244338800579290546e+04
1.283811633204245845e+04
1.324536620398931336e+04
1.366553482927280493e+04
1.409903201572654871e+04
1.454628057108106623e+04
1.500771671534548841e+04
1.548379050627107245e+04
1.597496627831111255e+04
1.648172309550553109e+04
1.700455521873180624e+04
1.754397258777818934e+04
1.810050131870885161e+04
1.867468421700677209e+04
1.926708130699435060e+04
1.987827037804826250e+04
2.050884754814134430e+04
2.115942784526105243e+04
2.183064580727186330e+04
2.252315610080603801e+04
2.323763415978721605e+04
2.397477684420902006e+04
2.473530311981141494e+04
2.551995475931771944e+04
2.632949706591617723e+04
2.716471961969198674e+04
2.802643704773711215e+04
2.891548981868996998e+04
2.983274506247919635e+04
3.077909741607131582e+04
3.175546989604716873e+04
3.276281479885808221e+04
3.380211462964024395e+04
3.487438306049218954e+04
3.598066591915136814e+04
3.712204220903311216e+04
3.829962516162732209e+04
3.951456332227910025e+04
4.076804167041249457e+04
4.206128277529023035e+04
4.339554798843557364e+04
4.477213867388095969e+04
4.619239747744206397e+04
4.765770963625575678e+04
4.916950432985919906e+04
5.072925607412761747e+04
5.233848615943101322e+04
5.399876413441096520e+04
5.571170933682670147e+04
5.747899247296209796e+04
5.930233724713457923e+04
6.118352204289522342e+04
6.312438165755965019e+04
6.512680909176218847e+04
6.719275739577694912e+04
6.932424157440899580e+04
7.152334055231172533e+04
7.379219920164802170e+04
7.613303043407281803e+04
7.854811735907713592e+04
8.103981551079978817e+04
8.361055514547633356e+04
8.626284361176907260e+04
8.899926779628769145e+04
9.182249664668677724e+04
9.473528377480080235e+04
9.774047014235539245e+04
1.008409868318755907e+05
1.040398579054906586e+05
1.073402033544276492e+05
1.107452421420676983e+05
1.142582953435339150e+05
1.178827893848743406e+05
1.216222593849944533e+05
1.254803526036081021e+05
1.294608319985580456e+05
1.335675798959856329e+05
1.378046017769236059e+05
1.421760301840073080e+05
1.466861287521156482e+05
1.513392963668673474e+05
1.561400714550401608e+05
1.610931364110827562e+05
1.662033221640493139e+05
1.714756128894038848e+05
1.769151508702926803e+05
1.825272415130269655e+05
1.883173585216614883e+05
1.942911492367293686e+05
2.004544401433227467e+05
2.068132425539065152e+05
2.133737584713995748e+05
2.201423866382442066e+05
2.271257287773659918e+05
2.343305960311045055e+05
2.417640156044037431e+05
2.494332376187354093e+05
2.573457421834419074e+05
2.655092466913965764e+05
2.739317133460952318e+05
2.826213569275248447e+05
2.915866528043748112e+05
3.008363452004166320e+05
3.103794557231063372e+05
3.202252921627314063e+05
3.303834575706833275e+05
3.408638596257101162e+05
3.516767202972878003e+05
3.628325858155257883e+05
3.743423369573437958e+05
3.862171996589431656e+05
3.984687559649260947e+05
4.111089553247430013e+05
4.241501262474837713e+05
4.376049883263857337e+05
4.514866646447738167e+05
4.658086945755498018e+05
4.805850469867016654e+05
4.958301338657181477e+05
5.115588243761958438e+05
5.277864593603486428e+05
5.445288663015692728e+05
5.618023747616221663e+05
5.796238323075446533e+05
5.980106209437743528e+05
6.169806740655367030e+05
6.365524939500273904e+05
6.567451698024466168e+05
6.775783963744954672e+05
6.990724931734739803e+05
7.212484242807419505e+05
7.441278187988528516e+05
7.677329919473121408e+05
7.920869668275332078e+05
8.172134968782188371e+05
8.431370890430787113e+05
8.698830276734548388e+05
8.974773991892016493e+05
9.259471175218481803e+05
9.553199503648665268e+05
9.856245462566609494e+05
1.016890462522650603e+06
1.049148194103779038e+06
1.082429203299468616e+06
1.116765950454112375e+06
1.152191925616987981e+06
1.188741681206485257e+06
1.226450865710520884e+06
1.265356258455954958e+06
1.305495805481025018e+06
1.346908656545657665e+06
1.389635203315861523e+06
1.433717118759385776e+06
1.479197397791087162e+06
1.526120399207661860e+06
1.574531888952581678e+06
1.624479084753553383e+06
1.676010702175887302e+06
1.729177002136817435e+06
1.784029839927050285e+06
1.840622715787369059e+06
1.899010827089650091e+06
1.959251122173100244e+06
2.021402355888380203e+06
2.085525146903597983e+06
2.151682036828220822e+06
2.219937551212489605e+06
2.290358262481851038e+06
2.363012854867821559e+06
2.437972191398504190e+06
2.515309383014298975e+06
2.595099859875971451e+06
2.677421444934832864e+06
2.762354429836676456e+06
2.849981653233534191e+06
2.940388581579669844e+06
3.033663392490479164e+06
3.129897060745848343e+06
3.229183447021551430e+06
3.331619389435480814e+06
3.437304797997859772e+06
3.546342752057599369e+06
3.658839600839887746e+06
3.774905067172904499e+06
3.894652354505135212e+06
4.018198257317296229e+06
4.145663275036845822e+06
4.277171729566097260e+06
4.412851886538413353e+06
4.552836080421116203e+06
4.697260843586618081e+06
4.846267039478229359e+06
4.999999999999999069e+06
