# X 	 Y
1.500000000000000000e+08	-3.000746877999999995e+01
1.500500500500499904e+08	-3.008217134999999942e+01
1.501001001001000106e+08	-3.002693482000000103e+01
1.501501501501500010e+08	-2.998343822000000003e+01
1.502002002001999915e+08	-3.007478324999999941e+01
1.502502502502500117e+08	-3.004557472999999845e+01
1.503003003003000021e+08	-3.005214086000000151e+01
1.503503503503499925e+08	-3.004461342999999829e+01
1.504004004004000127e+08	-2.997576653999999863e+01
1.504504504504500031e+08	-3.006719911000000067e+01
1.505005005005010068e+08	-3.003636317999999861e+01
1.505505505505509973e+08	-2.996287591000000106e+01
1.506006006006009877e+08	-2.995739254000000074e+01
1.506506506506510079e+08	-2.986384934999999885e+01
1.507007007007009983e+08	-3.001524394000000129e+01
1.507507507507509887e+08	-3.002855478000000033e+01
1.508008008008010089e+08	-2.991421387000000109e+01
1.508508508508509994e+08	-2.998714516000000074e+01
1.509009009009009898e+08	-2.983055539000000067e+01
1.509509509509510100e+08	-2.987208015999999944e+01
1.510010010010010004e+08	-2.984135135000000005e+01
1.510510510510509908e+08	-2.989937982000000005e+01
1.511011011011010110e+08	-2.989671859999999981e+01
1.511511511511510015e+08	-2.991165136000000047e+01
1.512012012012009919e+08	-2.997226022999999984e+01
1.512512512512510121e+08	-2.988331692999999945e+01
1.513013013013010025e+08	-2.983110538000000034e+01
1.513513513513509929e+08	-2.981634285000000162e+01
1.514014014014010131e+08	-2.977906520999999884e+01
1.514514514514510036e+08	-2.979154703000000026e+01
1.515015015015020072e+08	-2.977719253000000066e+01
1.515515515515519977e+08	-2.975415605999999968e+01
1.516016016016019881e+08	-2.976957847999999984e+01
1.516516516516520083e+08	-2.974476012999999952e+01
1.517017017017019987e+08	-2.973856595000000169e+01
1.517517517517519891e+08	-2.972491270000000085e+01
1.518018018018020093e+08	-2.975338062999999877e+01
1.518518518518519998e+08	-2.970262414000000106e+01
1.519019019019019902e+08	-2.967664303999999831e+01
1.519519519519520104e+08	-2.961887614000000113e+01
1.520020020020020008e+08	-2.972733678000000168e+01
1.520520520520519912e+08	-2.962748484000000104e+01
1.521021021021020114e+08	-2.967703305999999941e+01
1.521521521521520019e+08	-2.958254171999999826e+01
1.522022022022019923e+08	-2.967428594000000075e+01
1.522522522522520125e+08	-2.960256667000000164e+01
1.523023023023020029e+08	-2.961183594999999968e+01
1.523523523523519933e+08	-2.966412766999999917e+01
1.524024024024020135e+08	-2.962569012999999885e+01
1.524524524524520040e+08	-2.950658059999999949e+01
1.525025025025030077e+08	-2.949257356000000030e+01
1.525525525525529981e+08	-2.957065031999999860e+01
1.526026026026029885e+08	-2.955232117999999986e+01
1.526526526526530087e+08	-2.962977796999999924e+01
1.527027027027029991e+08	-2.955989092000000085e+01
1.527527527527529895e+08	-2.957784528999999907e+01
1.528028028028030097e+08	-2.949879737999999918e+01
1.528528528528530002e+08	-2.955386539999999940e+01
1.529029029029029906e+08	-2.957442530999999875e+01
1.529529529529530108e+08	-2.940700311999999883e+01
1.530030030030030012e+08	-2.942690436999999903e+01
1.530530530530529916e+08	-2.950849527000000094e+01
1.531031031031030118e+08	-2.948143960000000163e+01
1.531531531531530023e+08	-2.941581916000000163e+01
1.532032032032029927e+08	-2.942812716999999978e+01
1.532532532532530129e+08	-2.943110224999999858e+01
1.533033033033030033e+08	-2.938203534000000161e+01
1.533533533533529937e+08	-2.945782832000000084e+01
1.534034034034030139e+08	-2.939723989999999887e+01
1.534534534534530044e+08	-2.929609423999999862e+01
1.535035035035040081e+08	-2.937511641000000040e+01
1.535535535535539985e+08	-2.930111504999999994e+01
1.536036036036039889e+08	-2.923878016999999829e+01
1.536536536536540091e+08	-2.938731291999999939e+01
1.537037037037039995e+08	-2.926095305999999852e+01
1.537537537537539899e+08	-2.929114991000000146e+01
1.538038038038040102e+08	-2.922597844999999950e+01
1.538538538538540006e+08	-2.922098420000000019e+01
1.539039039039039910e+08	-2.917499409999999926e+01
1.539539539539540112e+08	-2.929561494000000010e+01
1.540040040040040016e+08	-2.921417626999999939e+01
1.540540540540539920e+08	-2.920657337999999825e+01
1.541041041041040123e+08	-2.914820295999999900e+01
1.541541541541540027e+08	-2.916851196000000002e+01
1.542042042042039931e+08	-2.915683914999999971e+01
1.542542542542540133e+08	-2.924691602000000046e+01
1.543043043043040037e+08	-2.914277858000000165e+01
1.543543543543539941e+08	-2.906292217000000022e+01
1.544044044044040143e+08	-2.901195858000000172e+01
1.544544544544540048e+08	-2.898331432000000163e+01
1.545045045045050085e+08	-2.893070160999999985e+01
1.545545545545549989e+08	-2.898651510999999914e+01
1.546046046046049893e+08	-2.894140867000000128e+01
1.546546546546550095e+08	-2.888729487999999890e+01
1.547047047047049999e+08	-2.886777947999999938e+01
1.547547547547549903e+08	-2.895874491000000006e+01
1.548048048048050106e+08	-2.881466959999999844e+01
1.548548548548550010e+08	-2.891614879999999843e+01
1.549049049049049914e+08	-2.880027987000000067e+01
1.549549549549550116e+08	-2.881828080000000014e+01
1.550050050050050020e+08	-2.871070883000000151e+01
1.550550550550549924e+08	-2.866517135999999866e+01
1.551051051051050127e+08	-2.863245868999999999e+01
1.551551551551550031e+08	-2.868302141999999932e+01
1.552052052052049935e+08	-2.857757339000000130e+01
1.552552552552550137e+08	-2.861010323000000000e+01
1.553053053053050041e+08	-2.856591947000000076e+01
1.553553553553549945e+08	-2.855766803999999937e+01
1.554054054054050148e+08	-2.843675496999999908e+01
1.554554554554550052e+08	-2.846060654000000056e+01
1.555055055055060089e+08	-2.844219522999999938e+01
1.555555555555559993e+08	-2.835782967999999826e+01
1.556056056056059897e+08	-2.834624752999999941e+01
1.556556556556560099e+08	-2.836333292000000128e+01
1.557057057057060003e+08	-2.829532869999999889e+01
1.557557557557559907e+08	-2.832697995999999918e+01
1.558058058058060110e+08	-2.824629005999999976e+01
1.558558558558560014e+08	-2.816472423000000092e+01
1.559059059059059918e+08	-2.814980939000000149e+01
1.559559559559560120e+08	-2.807271227000000025e+01
1.560060060060060024e+08	-2.800513614000000118e+01
1.560560560560559928e+08	-2.800592237000000040e+01
1.561061061061060131e+08	-2.792674575999999931e+01
1.561561561561560035e+08	-2.782907449000000000e+01
1.562062062062059939e+08	-2.787842124000000155e+01
1.562562562562560141e+08	-2.781580707000000174e+01
1.563063063063060045e+08	-2.773365775999999983e+01
1.563563563563559949e+08	-2.767183958000000032e+01
1.564064064064059854e+08	-2.753014982999999916e+01
1.564564564564560056e+08	-2.751993562999999909e+01
1.565065065065070093e+08	-2.758103824000000159e+01
1.565565565565569997e+08	-2.744841715000000093e+01
1.566066066066069901e+08	-2.737303162999999984e+01
1.566566566566570103e+08	-2.729733463999999898e+01
1.567067067067070007e+08	-2.721264971000000088e+01
1.567567567567569911e+08	-2.718295377000000101e+01
1.568068068068070114e+08	-2.709432444000000118e+01
1.568568568568570018e+08	-2.709810584999999961e+01
1.569069069069069922e+08	-2.690322567999999848e+01
1.569569569569570124e+08	-2.689246696000000014e+01
1.570070070070070028e+08	-2.686611085999999915e+01
1.570570570570569932e+08	-2.671606201999999897e+01
1.571071071071070135e+08	-2.665409315999999862e+01
1.571571571571570039e+08	-2.658471649999999897e+01
1.572072072072069943e+08	-2.651922315999999924e+01
1.572572572572570145e+08	-2.641301277000000169e+01
1.573073073073070049e+08	-2.627637469000000081e+01
1.573573573573569953e+08	-2.624878381999999988e+01
1.574074074074069858e+08	-2.620347830000000044e+01
1.574574574574570060e+08	-2.610943122000000116e+01
1.575075075075080097e+08	-2.599902784000000011e+01
1.575575575575580001e+08	-2.592674261000000158e+01
1.576076076076079905e+08	-2.590827151999999955e+01
1.576576576576580107e+08	-2.576251402000000112e+01
1.577077077077080011e+08	-2.572532473000000053e+01
1.577577577577579916e+08	-2.562595321999999953e+01
1.578078078078080118e+08	-2.562506562000000088e+01
1.578578578578580022e+08	-2.558719852999999844e+01
1.579079079079079926e+08	-2.555737789999999876e+01
1.579579579579580128e+08	-2.552516719000000123e+01
1.580080080080080032e+08	-2.552028569000000147e+01
1.580580580580579937e+08	-2.547822658999999845e+01
1.581081081081080139e+08	-2.554177151000000023e+01
1.581581581581580043e+08	-2.559611423999999857e+01
1.582082082082079947e+08	-2.564483075000000056e+01
1.582582582582579851e+08	-2.570913277000000008e+01
1.583083083083080053e+08	-2.581434757999999974e+01
1.583583583583579957e+08	-2.589173660000000154e+01
1.584084084084079862e+08	-2.603146283999999966e+01
1.584584584584580064e+08	-2.618490640999999997e+01
1.585085085085090101e+08	-2.631653396999999828e+01
1.585585585585590005e+08	-2.651706340999999867e+01
1.586086086086089909e+08	-2.673074237000000153e+01
1.586586586586590111e+08	-2.690370607999999919e+01
1.587087087087090015e+08	-2.709246733000000162e+01
1.587587587587589920e+08	-2.732989729999999895e+01
1.588088088088090122e+08	-2.755734770999999839e+01
1.588588588588590026e+08	-2.776645054000000101e+01
1.589089089089089930e+08	-2.797750568000000015e+01
1.589589589589590132e+08	-2.816474728000000027e+01
1.590090090090090036e+08	-2.840975694000000118e+01
1.590590590590589941e+08	-2.860120266999999927e+01
1.591091091091090143e+08	-2.882247715000000099e+01
1.591591591591590047e+08	-2.901707478000000151e+01
1.592092092092089951e+08	-2.920378318999999934e+01
1.592592592592589855e+08	-2.943703487000000152e+01
1.593093093093090057e+08	-2.966171921999999839e+01
1.593593593593589962e+08	-2.973727209000000116e+01
1.594094094094089866e+08	-2.991370347000000152e+01
1.594594594594590068e+08	-2.998555570999999986e+01
1.595095095095100105e+08	-3.016908811000000057e+01
1.595595595595600009e+08	-3.043778856000000133e+01
1.596096096096099913e+08	-3.042592923999999854e+01
1.596596596596600115e+08	-3.050453090999999972e+01
1.597097097097100019e+08	-3.058332168000000095e+01
1.597597597597599924e+08	-3.061319840999999897e+01
1.598098098098100126e+08	-3.074558512000000121e+01
1.598598598598600030e+08	-3.079404978000000170e+01
1.599099099099099934e+08	-3.086072443999999848e+01
1.599599599599600136e+08	-3.100424781999999979e+01
1.600100100100100040e+08	-3.105303374000000005e+01
1.600600600600599945e+08	-3.100459320999999946e+01
1.601101101101100147e+08	-3.113143437000000091e+01
1.601601601601600051e+08	-3.105067358000000155e+01
1.602102102102099955e+08	-3.118676012999999969e+01
1.602602602602599859e+08	-3.116746462000000051e+01
1.603103103103100061e+08	-3.115330037000000019e+01
1.603603603603599966e+08	-3.121495778999999970e+01
1.604104104104099870e+08	-3.110617842999999993e+01
1.604604604604600072e+08	-3.122037617999999881e+01
1.605105105105110109e+08	-3.124628215999999981e+01
1.605605605605610013e+08	-3.119415529000000120e+01
1.606106106106109917e+08	-3.125695135000000136e+01
1.606606606606610119e+08	-3.130902328999999895e+01
1.607107107107110023e+08	-3.128436757000000057e+01
1.607607607607609928e+08	-3.116352305999999928e+01
1.608108108108110130e+08	-3.117378653000000099e+01
1.608608608608610034e+08	-3.120181837000000158e+01
1.609109109109109938e+08	-3.107211240000000174e+01
1.609609609609610140e+08	-3.118690223999999844e+01
1.610110110110110044e+08	-3.107860562999999843e+01
1.610610610610609949e+08	-3.112289093000000051e+01
1.611111111111109853e+08	-3.101232249999999979e+01
1.611611611611610055e+08	-3.106175371999999868e+01
1.612112112112109959e+08	-3.111890310000000071e+01
1.612612612612609863e+08	-3.100925021999999842e+01
1.613113113113110065e+08	-3.090056136000000109e+01
1.613613613613609970e+08	-3.105149021000000076e+01
1.614114114114109874e+08	-3.098065744000000166e+01
1.614614614614610076e+08	-3.087595375000000075e+01
1.615115115115120113e+08	-3.089350625999999878e+01
1.615615615615620017e+08	-3.088234046999999904e+01
1.616116116116119921e+08	-3.086080381000000017e+01
1.616616616616620123e+08	-3.085122113999999982e+01
1.617117117117120028e+08	-3.072587529999999845e+01
1.617617617617619932e+08	-3.074111203000000003e+01
1.618118118118120134e+08	-3.081750901999999925e+01
1.618618618618620038e+08	-3.070856544000000099e+01
1.619119119119119942e+08	-3.066165922000000066e+01
1.619619619619620144e+08	-3.070185432999999975e+01
1.620120120120120049e+08	-3.066801441999999867e+01
1.620620620620619953e+08	-3.062987560999999914e+01
1.621121121121119857e+08	-3.056708563000000112e+01
1.621621621621620059e+08	-3.048192385999999843e+01
1.622122122122119963e+08	-3.055090909000000110e+01
1.622622622622619867e+08	-3.041686083999999823e+01
1.623123123123120070e+08	-3.041602577000000096e+01
1.623623623623619974e+08	-3.035245807000000084e+01
1.624124124124119878e+08	-3.035434719999999942e+01
1.624624624624620080e+08	-3.035686678000000072e+01
1.625125125125130117e+08	-3.026255056999999837e+01
1.625625625625630021e+08	-3.025795923000000087e+01
1.626126126126129925e+08	-3.026798382999999859e+01
1.626626626626630127e+08	-3.008446668999999929e+01
1.627127127127130032e+08	-3.016849184000000150e+01
1.627627627627629936e+08	-3.016796056000000092e+01
1.628128128128130138e+08	-3.004083003999999946e+01
1.628628628628630042e+08	-2.998423488999999975e+01
1.629129129129129946e+08	-2.998558136999999846e+01
1.629629629629630148e+08	-3.002338126000000074e+01
1.630130130130130053e+08	-2.994726651999999945e+01
1.630630630630629957e+08	-2.982708440000000039e+01
1.631131131131129861e+08	-2.984491720999999842e+01
1.631631631631630063e+08	-2.973595973999999842e+01
1.632132132132129967e+08	-2.976055390000000145e+01
1.632632632632629871e+08	-2.978477630000000076e+01
1.633133133133130074e+08	-2.961870013000000057e+01
1.633633633633629978e+08	-2.964671677999999844e+01
1.634134134134129882e+08	-2.962370320000000135e+01
1.634634634634630084e+08	-2.956089096999999910e+01
1.635135135135140121e+08	-2.955301691000000019e+01
1.635635635635640025e+08	-2.948372120000000152e+01
1.636136136136139929e+08	-2.949920579999999859e+01
1.636636636636640131e+08	-2.947326561999999939e+01
1.637137137137140036e+08	-2.941137111000000104e+01
1.637637637637639940e+08	-2.940872193999999951e+01
1.638138138138140142e+08	-2.931592093000000077e+01
1.638638638638640046e+08	-2.933981889000000010e+01
1.639139139139139950e+08	-2.929075715000000102e+01
1.639639639639639854e+08	-2.915303021000000072e+01
1.640140140140140057e+08	-2.911574995999999871e+01
1.640640640640639961e+08	-2.912985159000000124e+01
1.641141141141139865e+08	-2.914228956999999909e+01
1.641641641641640067e+08	-2.901827292999999841e+01
1.642142142142139971e+08	-2.902009029999999967e+01
1.642642642642639875e+08	-2.902076021999999966e+01
1.643143143143140078e+08	-2.894378379000000123e+01
1.643643643643639982e+08	-2.888937939999999926e+01
1.644144144144139886e+08	-2.887654562999999897e+01
1.644644644644640088e+08	-2.878135808000000040e+01
1.645145145145150125e+08	-2.880160032999999942e+01
1.645645645645650029e+08	-2.875571004000000030e+01
1.646146146146149933e+08	-2.870335726000000065e+01
1.646646646646650136e+08	-2.865171173999999965e+01
1.647147147147150040e+08	-2.865174421000000038e+01
1.647647647647649944e+08	-2.858981766000000135e+01
1.648148148148150146e+08	-2.854686639000000170e+01
1.648648648648650050e+08	-2.847413921000000059e+01
1.649149149149149954e+08	-2.835464404000000016e+01
1.649649649649649858e+08	-2.845615876999999827e+01
1.650150150150150061e+08	-2.837300772000000038e+01
1.650650650650649965e+08	-2.827364367999999928e+01
1.651151151151149869e+08	-2.824495166000000168e+01
1.651651651651650071e+08	-2.828645493000000144e+01
1.652152152152149975e+08	-2.814155324000000036e+01
1.652652652652649879e+08	-2.813804817999999841e+01
1.653153153153150082e+08	-2.804739993999999825e+01
1.653653653653649986e+08	-2.801675352000000174e+01
1.654154154154149890e+08	-2.795653473000000133e+01
1.654654654654650092e+08	-2.792746882000000141e+01
1.655155155155160129e+08	-2.781681694999999976e+01
1.655655655655660033e+08	-2.781802339000000046e+01
1.656156156156159937e+08	-2.774993909999999886e+01
1.656656656656660140e+08	-2.775952437000000117e+01
1.657157157157160044e+08	-2.770125334000000095e+01
1.657657657657659948e+08	-2.765575308000000021e+01
1.658158158158159852e+08	-2.758213371000000080e+01
1.658658658658660054e+08	-2.758288673999999929e+01
1.659159159159159958e+08	-2.750414407999999966e+01
1.659659659659659863e+08	-2.750304300999999896e+01
1.660160160160160065e+08	-2.744818211999999846e+01
1.660660660660659969e+08	-2.739010903999999869e+01
1.661161161161159873e+08	-2.737490558000000007e+01
1.661661661661660075e+08	-2.732862224000000140e+01
1.662162162162159979e+08	-2.723113885000000067e+01
1.662662662662659883e+08	-2.720247953999999879e+01
1.663163163163160086e+08	-2.715125107000000071e+01
1.663663663663659990e+08	-2.711692529000000107e+01
1.664164164164159894e+08	-2.702479326999999998e+01
1.664664664664660096e+08	-2.700249754000000024e+01
1.665165165165170133e+08	-2.695729899999999901e+01
1.665665665665670037e+08	-2.691374103000000062e+01
1.666166166166169941e+08	-2.695143071000000035e+01
1.666666666666670144e+08	-2.685132358999999980e+01
1.667167167167170048e+08	-2.683020348000000155e+01
1.667667667667669952e+08	-2.680756193999999937e+01
1.668168168168169856e+08	-2.678524111999999846e+01
1.668668668668670058e+08	-2.671169717000000077e+01
1.669169169169169962e+08	-2.669174209999999903e+01
1.669669669669669867e+08	-2.668703653000000031e+01
1.670170170170170069e+08	-2.663037057000000019e+01
1.670670670670669973e+08	-2.665256542999999922e+01
1.671171171171169877e+08	-2.657705607999999842e+01
1.671671671671670079e+08	-2.658019760999999903e+01
1.672172172172169983e+08	-2.655854539999999986e+01
1.672672672672669888e+08	-2.660315997000000010e+01
1.673173173173170090e+08	-2.657825822999999943e+01
1.673673673673669994e+08	-2.654869376999999986e+01
1.674174174174169898e+08	-2.664586012999999909e+01
1.674674674674670100e+08	-2.661341317999999845e+01
1.675175175175180137e+08	-2.663114871000000150e+01
1.675675675675680041e+08	-2.665636561999999898e+01
1.676176176176179945e+08	-2.670857223000000147e+01
1.676676676676680148e+08	-2.667412764999999908e+01
1.677177177177180052e+08	-2.676756089999999944e+01
1.677677677677679956e+08	-2.684292307999999849e+01
1.678178178178179860e+08	-2.685266142000000045e+01
1.678678678678680062e+08	-2.704797817000000038e+01
1.679179179179179966e+08	-2.702632124000000147e+01
1.679679679679679871e+08	-2.701568367999999865e+01
1.680180180180180073e+08	-2.715207914999999872e+01
1.680680680680679977e+08	-2.722810853000000009e+01
1.681181181181179881e+08	-2.726281828999999846e+01
1.681681681681680083e+08	-2.740362093999999971e+01
1.682182182182179987e+08	-2.754774832000000018e+01
1.682682682682679892e+08	-2.753314879999999931e+01
1.683183183183180094e+08	-2.757790016999999949e+01
1.683683683683679998e+08	-2.769329787999999937e+01
1.684184184184179902e+08	-2.779129050999999961e+01
1.684684684684680104e+08	-2.789053832999999827e+01
1.685185185185190141e+08	-2.791387681999999870e+01
1.685685685685690045e+08	-2.800613043999999974e+01
1.686186186186189950e+08	-2.809422109000000134e+01
1.686686686686689854e+08	-2.816773833999999965e+01
1.687187187187190056e+08	-2.838087510000000080e+01
1.687687687687689960e+08	-2.832683404999999865e+01
1.688188188188189864e+08	-2.847535926000000117e+01
1.688688688688690066e+08	-2.858169382999999897e+01
1.689189189189189970e+08	-2.861633177999999944e+01
1.689689689689689875e+08	-2.862221617999999879e+01
1.690190190190190077e+08	-2.874988197000000056e+01
1.690690690690689981e+08	-2.892499318000000130e+01
1.691191191191189885e+08	-2.897014816000000081e+01
1.691691691691690087e+08	-2.899385862999999830e+01
1.692192192192189991e+08	-2.913496843000000069e+01
1.692692692692689896e+08	-2.921840094999999948e+01
1.693193193193190098e+08	-2.924865309999999852e+01
1.693693693693690002e+08	-2.936792565000000010e+01
1.694194194194189906e+08	-2.939770778000000107e+01
1.694694694694690108e+08	-2.957771182999999837e+01
1.695195195195200145e+08	-2.955455684000000005e+01
1.695695695695700049e+08	-2.968724449000000121e+01
1.696196196196199954e+08	-2.980504271999999943e+01
1.696696696696699858e+08	-2.977283936999999980e+01
1.697197197197200060e+08	-2.986067483000000067e+01
1.697697697697699964e+08	-2.998758980999999935e+01
1.698198198198199868e+08	-3.000363593999999878e+01
1.698698698698700070e+08	-3.015205866999999884e+01
1.699199199199199975e+08	-3.006366759999999871e+01
1.699699699699699879e+08	-3.010088784999999945e+01
1.700200200200200081e+08	-3.020023442000000102e+01
1.700700700700699985e+08	-3.023809274999999985e+01
1.701201201201199889e+08	-3.021552352000000141e+01
1.701701701701700091e+08	-3.030497357999999863e+01
1.702202202202199996e+08	-3.026156312999999898e+01
1.702702702702699900e+08	-3.031246215000000177e+01
1.703203203203200102e+08	-3.047186157000000151e+01
1.703703703703700006e+08	-3.044063527000000136e+01
1.704204204204199910e+08	-3.043990039999999908e+01
1.704704704704700112e+08	-3.055937090000000111e+01
1.705205205205209851e+08	-3.046676782999999844e+01
1.705705705705710053e+08	-3.049709892999999994e+01
1.706206206206209958e+08	-3.048733181000000059e+01
1.706706706706709862e+08	-3.065070443999999839e+01
1.707207207207210064e+08	-3.056713961000000168e+01
1.707707707707709968e+08	-3.066294819000000160e+01
1.708208208208209872e+08	-3.050723117000000073e+01
1.708708708708710074e+08	-3.057447376000000006e+01
1.709209209209209979e+08	-3.058714494999999900e+01
1.709709709709709883e+08	-3.065144795999999872e+01
1.710210210210210085e+08	-3.067332640000000055e+01
1.710710710710709989e+08	-3.063640025000000122e+01
1.711211211211209893e+08	-3.061677322999999973e+01
1.711711711711710095e+08	-3.056894458000000014e+01
1.712212212212210000e+08	-3.060610100999999972e+01
1.712712712712709904e+08	-3.053166545999999926e+01
1.713213213213210106e+08	-3.061099524999999844e+01
1.713713713713710010e+08	-3.062823635999999894e+01
1.714214214214209914e+08	-3.055584633999999866e+01
1.714714714714710116e+08	-3.051201563000000050e+01
1.715215215215219855e+08	-3.053589051000000154e+01
1.715715715715720057e+08	-3.054756160999999892e+01
1.716216216216219962e+08	-3.050129131999999998e+01
1.716716716716719866e+08	-3.055528801000000172e+01
1.717217217217220068e+08	-3.050961043999999944e+01
1.717717717717719972e+08	-3.043213529000000150e+01
1.718218218218219876e+08	-3.046707376000000167e+01
1.718718718718720078e+08	-3.043878416000000087e+01
1.719219219219219983e+08	-3.044968653999999830e+01
1.719719719719719887e+08	-3.052043605000000071e+01
1.720220220220220089e+08	-3.055192276000000007e+01
1.720720720720719993e+08	-3.042483590000000149e+01
1.721221221221219897e+08	-3.037689822000000106e+01
1.721721721721720099e+08	-3.038845358000000019e+01
1.722222222222220004e+08	-3.040189716000000075e+01
1.722722722722719908e+08	-3.031086598999999993e+01
1.723223223223220110e+08	-3.025002319000000028e+01
1.723723723723720014e+08	-3.036632894999999976e+01
1.724224224224219918e+08	-3.031013297999999878e+01
1.724724724724720120e+08	-3.029524426000000048e+01
1.725225225225229859e+08	-3.028145943000000173e+01
1.725725725725730062e+08	-3.033824003999999874e+01
1.726226226226229966e+08	-3.033849821000000091e+01
1.726726726726729870e+08	-3.017447901999999971e+01
1.727227227227230072e+08	-3.030315965000000134e+01
1.727727727727729976e+08	-3.023188259999999872e+01
1.728228228228229880e+08	-3.023487366000000165e+01
1.728728728728730083e+08	-3.012033648999999969e+01
1.729229229229229987e+08	-3.023952712999999903e+01
1.729729729729729891e+08	-3.018819789000000142e+01
1.730230230230230093e+08	-3.018760258000000007e+01
1.730730730730729997e+08	-3.013517122000000015e+01
1.731231231231229901e+08	-3.010002788999999979e+01
1.731731731731730103e+08	-3.009160814000000173e+01
1.732232232232230008e+08	-3.007484167000000141e+01
1.732732732732729912e+08	-3.004732066000000046e+01
1.733233233233230114e+08	-3.000235277999999894e+01
1.733733733733730018e+08	-3.008982771000000156e+01
1.734234234234229922e+08	-3.004600063999999904e+01
1.734734734734730124e+08	-3.000023845999999850e+01
1.735235235235239863e+08	-2.995943285999999972e+01
1.735735735735740066e+08	-3.008360393999999971e+01
1.736236236236239970e+08	-2.990576176000000075e+01
1.736736736736739874e+08	-2.994609411000000065e+01
1.737237237237240076e+08	-2.983098538999999860e+01
1.737737737737739980e+08	-2.995796411999999975e+01
1.738238238238239884e+08	-2.989073066999999995e+01
1.738738738738740087e+08	-2.985675383999999966e+01
1.739239239239239991e+08	-2.991210424999999873e+01
1.739739739739739895e+08	-2.985207991000000050e+01
1.740240240240240097e+08	-2.982253258000000073e+01
1.740740740740740001e+08	-2.977159753999999836e+01
1.741241241241239905e+08	-2.978432065000000151e+01
1.741741741741740108e+08	-2.982335477000000168e+01
1.742242242242240012e+08	-2.977720633999999933e+01
1.742742742742739916e+08	-2.977835620999999833e+01
1.743243243243240118e+08	-2.984681107999999838e+01
1.743743743743740022e+08	-2.971842854999999872e+01
1.744244244244239926e+08	-2.972055965999999927e+01
1.744744744744740129e+08	-2.965351374999999834e+01
1.745245245245249867e+08	-2.970845311000000066e+01
1.745745745745750070e+08	-2.966953845999999828e+01
1.746246246246249974e+08	-2.965507962999999947e+01
1.746746746746749878e+08	-2.952562771999999924e+01
1.747247247247250080e+08	-2.967962969999999956e+01
1.747747747747749984e+08	-2.965842522999999886e+01
1.748248248248249888e+08	-2.965732343000000171e+01
1.748748748748750091e+08	-2.960061759999999964e+01
1.749249249249249995e+08	-2.952145817999999977e+01
1.749749749749749899e+08	-2.953911186999999927e+01
1.750250250250250101e+08	-2.957042239000000095e+01
1.750750750750750005e+08	-2.952879635000000036e+01
1.751251251251249909e+08	-2.944924761000000046e+01
1.751751751751750112e+08	-2.945369789000000083e+01
1.752252252252250016e+08	-2.944995229999999964e+01
1.752752752752749920e+08	-2.941598567000000131e+01
1.753253253253250122e+08	-2.953915251999999825e+01
1.753753753753750026e+08	-2.940225575999999919e+01
1.754254254254249930e+08	-2.944140073000000157e+01
1.754754754754750133e+08	-2.941406763999999896e+01
1.755255255255259871e+08	-2.938218170000000029e+01
1.755755755755760074e+08	-2.938662246999999894e+01
1.756256256256259978e+08	-2.943894613000000149e+01
1.756756756756759882e+08	-2.935455654000000081e+01
1.757257257257260084e+08	-2.929070251999999996e+01
1.757757757757759988e+08	-2.930163209999999907e+01
1.758258258258259892e+08	-2.926841934999999850e+01
1.758758758758760095e+08	-2.933572781000000163e+01
1.759259259259259999e+08	-2.937242174000000006e+01
1.759759759759759903e+08	-2.925331188999999910e+01
1.760260260260260105e+08	-2.926391697000000036e+01
1.760760760760760009e+08	-2.924713167999999897e+01
1.761261261261259913e+08	-2.925836002000000136e+01
1.761761761761760116e+08	-2.921933044000000024e+01
1.762262262262260020e+08	-2.923131137000000024e+01
1.762762762762759924e+08	-2.920020986999999835e+01
1.763263263263260126e+08	-2.920231757999999900e+01
1.763763763763760030e+08	-2.912632603000000131e+01
1.764264264264259934e+08	-2.908933370999999823e+01
1.764764764764760137e+08	-2.920123308000000151e+01
1.765265265265269876e+08	-2.913017257999999998e+01
1.765765765765770078e+08	-2.914836976999999862e+01
1.766266266266269982e+08	-2.913868137000000047e+01
1.766766766766769886e+08	-2.914153695999999982e+01
1.767267267267270088e+08	-2.904919854999999984e+01
1.767767767767769992e+08	-2.911363765999999842e+01
1.768268268268269897e+08	-2.905114092000000170e+01
1.768768768768770099e+08	-2.900829556000000053e+01
1.769269269269270003e+08	-2.902399164999999925e+01
1.769769769769769907e+08	-2.906436002999999957e+01
1.770270270270270109e+08	-2.903612256999999985e+01
1.770770770770770013e+08	-2.897410978999999998e+01
1.771271271271269917e+08	-2.894722476000000100e+01
1.771771771771770120e+08	-2.901922313000000031e+01
1.772272272272270024e+08	-2.899840723999999881e+01
1.772772772772769928e+08	-2.894963128999999924e+01
1.773273273273270130e+08	-2.895467800000000125e+01
1.773773773773770034e+08	-2.890676028000000031e+01
1.774274274274269938e+08	-2.887268676000000056e+01
1.774774774774770141e+08	-2.889021380000000150e+01
1.775275275275279880e+08	-2.884715217000000109e+01
1.775775775775780082e+08	-2.890952572999999859e+01
1.776276276276279986e+08	-2.889872641999999914e+01
1.776776776776779890e+08	-2.887863357000000164e+01
1.777277277277280092e+08	-2.881801104999999907e+01
1.777777777777779996e+08	-2.885012727999999882e+01
1.778278278278279901e+08	-2.878751813999999953e+01
1.778778778778780103e+08	-2.878476835000000023e+01
1.779279279279280007e+08	-2.878557991999999999e+01
1.779779779779779911e+08	-2.884380641999999995e+01
1.780280280280280113e+08	-2.874117980000000117e+01
1.780780780780780017e+08	-2.867866103000000066e+01
1.781281281281279922e+08	-2.876828031000000152e+01
1.781781781781780124e+08	-2.871612976000000117e+01
1.782282282282280028e+08	-2.868240979000000124e+01
1.782782782782779932e+08	-2.867552309999999949e+01
1.783283283283280134e+08	-2.871834722999999912e+01
1.783783783783780038e+08	-2.866755188000000132e+01
1.784284284284279943e+08	-2.869522496000000089e+01
1.784784784784780145e+08	-2.866147471000000024e+01
1.785285285285289884e+08	-2.872045147000000043e+01
1.785785785785790086e+08	-2.864010515000000012e+01
1.786286286286289990e+08	-2.862273824000000033e+01
1.786786786786789894e+08	-2.867619678999999877e+01
1.787287287287290096e+08	-2.861305315999999976e+01
1.787787787787790000e+08	-2.860362887000000143e+01
1.788288288288289905e+08	-2.862053747999999942e+01
1.788788788788790107e+08	-2.852855998000000071e+01
1.789289289289290011e+08	-2.850751112000000020e+01
1.789789789789789915e+08	-2.855623127000000139e+01
1.790290290290290117e+08	-2.852820091999999974e+01
1.790790790790790021e+08	-2.847046183000000141e+01
1.791291291291289926e+08	-2.846593336000000107e+01
1.791791791791790128e+08	-2.848551378000000156e+01
1.792292292292290032e+08	-2.849232650000000078e+01
1.792792792792789936e+08	-2.845772309000000178e+01
1.793293293293290138e+08	-2.848346585999999903e+01
1.793793793793790042e+08	-2.841536954000000037e+01
1.794294294294289947e+08	-2.847906516999999837e+01
1.794794794794790149e+08	-2.846071424999999877e+01
1.795295295295299888e+08	-2.836003565000000037e+01
1.795795795795800090e+08	-2.836221606000000151e+01
1.796296296296299994e+08	-2.842056973000000042e+01
1.796796796796799898e+08	-2.836337466999999890e+01
1.797297297297300100e+08	-2.834960786999999982e+01
1.797797797797800004e+08	-2.827167890999999855e+01
1.798298298298299909e+08	-2.833578234000000151e+01
1.798798798798800111e+08	-2.835430472999999907e+01
1.799299299299300015e+08	-2.835589912000000012e+01
1.799799799799799919e+08	-2.834329032000000126e+01
1.800300300300300121e+08	-2.832411941000000155e+01
1.800800800800800025e+08	-2.825069407000000155e+01
1.801301301301299930e+08	-2.825614454999999836e+01
1.801801801801800132e+08	-2.830129203999999987e+01
1.802302302302300036e+08	-2.824487334999999888e+01
1.802802802802799940e+08	-2.830315107999999924e+01
1.803303303303300142e+08	-2.821878999999999849e+01
1.803803803803800046e+08	-2.819450700999999881e+01
1.804304304304299951e+08	-2.820441102999999927e+01
1.804804804804799855e+08	-2.824051867000000016e+01
1.805305305305309892e+08	-2.822062341000000174e+01
1.805805805805810094e+08	-2.816159604999999999e+01
1.806306306306309998e+08	-2.819625716999999909e+01
1.806806806806809902e+08	-2.817794858999999974e+01
1.807307307307310104e+08	-2.817756177000000051e+01
1.807807807807810009e+08	-2.811220199999999991e+01
1.808308308308309913e+08	-2.814856508000000090e+01
1.808808808808810115e+08	-2.810324134000000029e+01
1.809309309309310019e+08	-2.815246662999999927e+01
1.809809809809809923e+08	-2.811976948999999948e+01
1.810310310310310125e+08	-2.808072574999999915e+01
1.810810810810810030e+08	-2.816937053999999918e+01
1.811311311311309934e+08	-2.804086241999999984e+01
1.811811811811810136e+08	-2.805399826000000019e+01
1.812312312312310040e+08	-2.807237209999999905e+01
1.812812812812809944e+08	-2.801775802999999954e+01
1.813313313313310146e+08	-2.803385777000000090e+01
1.813813813813810050e+08	-2.800834863000000041e+01
1.814314314314309955e+08	-2.801043591999999904e+01
1.814814814814809859e+08	-2.801554593999999909e+01
1.815315315315319896e+08	-2.797805920000000057e+01
1.815815815815820098e+08	-2.804272715000000105e+01
1.816316316316320002e+08	-2.802726891000000009e+01
1.816816816816819906e+08	-2.803635175999999873e+01
1.817317317317320108e+08	-2.798790337000000150e+01
1.817817817817820013e+08	-2.798112088999999969e+01
1.818318318318319917e+08	-2.794267710000000093e+01
1.818818818818820119e+08	-2.795888765000000120e+01
1.819319319319320023e+08	-2.798657820000000029e+01
1.819819819819819927e+08	-2.792689585000000108e+01
1.820320320320320129e+08	-2.794982423000000082e+01
1.820820820820820034e+08	-2.792011163000000096e+01
1.821321321321319938e+08	-2.792137035000000012e+01
1.821821821821820140e+08	-2.793196551999999855e+01
1.822322322322320044e+08	-2.790769751999999926e+01
1.822822822822819948e+08	-2.788402126000000081e+01
1.823323323323319852e+08	-2.788329884999999919e+01
1.823823823823820055e+08	-2.788723685000000074e+01
1.824324324324319959e+08	-2.790497510000000148e+01
1.824824824824819863e+08	-2.784669053000000005e+01
1.825325325325329900e+08	-2.787841256999999828e+01
1.825825825825830102e+08	-2.785087857999999983e+01
1.826326326326330006e+08	-2.784085134000000039e+01
1.826826826826829910e+08	-2.780959272000000126e+01
1.827327327327330112e+08	-2.782113955999999888e+01
1.827827827827830017e+08	-2.780390128999999888e+01
1.828328328328329921e+08	-2.778898577000000003e+01
1.828828828828830123e+08	-2.779978754000000052e+01
1.829329329329330027e+08	-2.780253031999999891e+01
1.829829829829829931e+08	-2.779530657999999832e+01
1.830330330330330133e+08	-2.776460403000000099e+01
1.830830830830830038e+08	-2.781047107999999923e+01
1.831331331331329942e+08	-2.774341920999999900e+01
1.831831831831830144e+08	-2.776871689000000032e+01
1.832332332332330048e+08	-2.773878895000000000e+01
1.832832832832829952e+08	-2.774433372000000020e+01
1.833333333333329856e+08	-2.773991915999999947e+01
1.833833833833830059e+08	-2.777990223000000114e+01
1.834334334334329963e+08	-2.776148420000000172e+01
1.834834834834829867e+08	-2.774586869999999905e+01
1.835335335335339904e+08	-2.773549372000000091e+01
1.835835835835840106e+08	-2.772943473999999853e+01
1.836336336336340010e+08	-2.769503170999999853e+01
1.836836836836839914e+08	-2.770794782000000112e+01
1.837337337337340117e+08	-2.770199923999999925e+01
1.837837837837840021e+08	-2.770045297000000062e+01
1.838338338338339925e+08	-2.770389318000000145e+01
1.838838838838840127e+08	-2.768602724000000137e+01
1.839339339339340031e+08	-2.771401037000000045e+01
1.839839839839839935e+08	-2.769495943000000082e+01
1.840340340340340137e+08	-2.771342187000000123e+01
1.840840840840840042e+08	-2.768915565000000001e+01
1.841341341341339946e+08	-2.769078658999999831e+01
1.841841841841840148e+08	-2.772335809000000140e+01
1.842342342342340052e+08	-2.768346267000000083e+01
1.842842842842839956e+08	-2.767775134000000037e+01
1.843343343343339860e+08	-2.767836997999999937e+01
1.843843843843840063e+08	-2.767422138999999959e+01
1.844344344344339967e+08	-2.769423752999999877e+01
1.844844844844839871e+08	-2.765468100000000007e+01
1.845345345345349908e+08	-2.767263747000000151e+01
1.845845845845850110e+08	-2.769090900000000133e+01
1.846346346346350014e+08	-2.767632053000000170e+01
1.846846846846849918e+08	-2.762850780999999856e+01
1.847347347347350121e+08	-2.767548298000000173e+01
1.847847847847850025e+08	-2.770109739000000104e+01
1.848348348348349929e+08	-2.766769279000000026e+01
1.848848848848850131e+08	-2.764321026000000003e+01
1.849349349349350035e+08	-2.763761485999999934e+01
1.849849849849849939e+08	-2.764098114000000095e+01
1.850350350350350142e+08	-2.767496931000000160e+01
1.850850850850850046e+08	-2.766026878999999994e+01
1.851351351351349950e+08	-2.764448064999999843e+01
1.851851851851849854e+08	-2.765003172000000120e+01
1.852352352352350056e+08	-2.762749000000000166e+01
1.852852852852849960e+08	-2.763330056999999940e+01
1.853353353353349864e+08	-2.765595829000000094e+01
1.853853853853850067e+08	-2.763458591999999925e+01
1.854354354354349971e+08	-2.764385220999999859e+01
1.854854854854849875e+08	-2.763656071999999853e+01
1.855355355355359912e+08	-2.764553585999999896e+01
1.855855855855860114e+08	-2.765099938999999907e+01
1.856356356356360018e+08	-2.760912644000000071e+01
1.856856856856859922e+08	-2.766433384999999845e+01
1.857357357357360125e+08	-2.764230853999999837e+01
1.857857857857860029e+08	-2.766084933999999862e+01
1.858358358358359933e+08	-2.766309598999999864e+01
1.858858858858860135e+08	-2.766837410000000119e+01
1.859359359359360039e+08	-2.767618798000000169e+01
1.859859859859859943e+08	-2.765168574000000135e+01
1.860360360360360146e+08	-2.768261917999999966e+01
1.860860860860860050e+08	-2.764816880000000054e+01
1.861361361361359954e+08	-2.768727890999999985e+01
1.861861861861859858e+08	-2.766778812000000087e+01
1.862362362362360060e+08	-2.767067000000000121e+01
1.862862862862859964e+08	-2.763383055999999982e+01
1.863363363363359869e+08	-2.766371063000000063e+01
1.863863863863860071e+08	-2.767908338000000157e+01
1.864364364364359975e+08	-2.767714841000000092e+01
1.864864864864859879e+08	-2.769928219999999897e+01
1.865365365365369916e+08	-2.767218880000000070e+01
1.865865865865870118e+08	-2.765766400000000047e+01
1.866366366366370022e+08	-2.763297345000000149e+01
1.866866866866869926e+08	-2.768497547000000125e+01
1.867367367367370129e+08	-2.766949191999999869e+01
1.867867867867870033e+08	-2.769518744999999882e+01
1.868368368368369937e+08	-2.765933430000000115e+01
1.868868868868870139e+08	-2.768923197000000158e+01
1.869369369369370043e+08	-2.769215232999999898e+01
1.869869869869869947e+08	-2.769370941000000030e+01
1.870370370370369852e+08	-2.767433207999999922e+01
1.870870870870870054e+08	-2.771651912999999823e+01
1.871371371371369958e+08	-2.767698718000000113e+01
1.871871871871869862e+08	-2.765125881999999891e+01
1.872372372372370064e+08	-2.769100200999999828e+01
1.872872872872869968e+08	-2.772235142999999979e+01
1.873373373373369873e+08	-2.768775456999999918e+01
1.873873873873870075e+08	-2.773524533999999875e+01
1.874374374374369979e+08	-2.772465404000000078e+01
1.874874874874869883e+08	-2.774051897000000011e+01
1.875375375375379920e+08	-2.771178936000000093e+01
1.875875875875880122e+08	-2.769185003999999850e+01
1.876376376376380026e+08	-2.776497320000000002e+01
1.876876876876879930e+08	-2.771723637999999923e+01
1.877377377377380133e+08	-2.776110614999999981e+01
1.877877877877880037e+08	-2.776050160000000133e+01
1.878378378378379941e+08	-2.773990845000000149e+01
1.878878878878880143e+08	-2.776106887999999984e+01
1.879379379379380047e+08	-2.775876193999999941e+01
1.879879879879879951e+08	-2.776637305999999938e+01
1.880380380380379856e+08	-2.777831859000000136e+01
1.880880880880880058e+08	-2.777650561999999823e+01
1.881381381381379962e+08	-2.778242805000000004e+01
1.881881881881879866e+08	-2.775688266999999954e+01
1.882382382382380068e+08	-2.778741248000000041e+01
1.882882882882879972e+08	-2.777397921000000025e+01
1.883383383383379877e+08	-2.779891493999999952e+01
1.883883883883880079e+08	-2.779484487999999942e+01
1.884384384384379983e+08	-2.778756930999999852e+01
1.884884884884879887e+08	-2.779321808999999988e+01
1.885385385385389924e+08	-2.781583158999999839e+01
1.885885885885890126e+08	-2.782718734999999910e+01
1.886386386386390030e+08	-2.781630346000000031e+01
1.886886886886889935e+08	-2.784141331000000008e+01
1.887387387387390137e+08	-2.783039786999999876e+01
1.887887887887890041e+08	-2.780578264000000033e+01
1.888388388388389945e+08	-2.781959614999999886e+01
1.888888888888890147e+08	-2.785282059000000032e+01
1.889389389389390051e+08	-2.786820499999999967e+01
1.889889889889889956e+08	-2.784371413999999945e+01
1.890390390390389860e+08	-2.786916199999999932e+01
1.890890890890890062e+08	-2.786748658000000134e+01
1.891391391391389966e+08	-2.784782073999999952e+01
1.891891891891889870e+08	-2.789111563000000160e+01
1.892392392392390072e+08	-2.787924277999999845e+01
1.892892892892889977e+08	-2.791188937000000081e+01
1.893393393393389881e+08	-2.789410365999999897e+01
1.893893893893890083e+08	-2.792373575999999957e+01
1.894394394394389987e+08	-2.790685497999999853e+01
1.894894894894889891e+08	-2.794568248999999938e+01
1.895395395395399928e+08	-2.795582273000000129e+01
1.895895895895900130e+08	-2.792333281999999883e+01
1.896396396396400034e+08	-2.792875207999999887e+01
1.896896896896899939e+08	-2.795839447000000177e+01
1.897397397397400141e+08	-2.791005748999999980e+01
1.897897897897900045e+08	-2.796672767000000093e+01
1.898398398398399949e+08	-2.790785213999999925e+01
1.898898898898899853e+08	-2.795465541000000087e+01
1.899399399399400055e+08	-2.794969764000000012e+01
1.899899899899899960e+08	-2.797709122999999920e+01
1.900400400400399864e+08	-2.794884597000000070e+01
1.900900900900900066e+08	-2.797367883000000077e+01
1.901401401401399970e+08	-2.797722801000000103e+01
1.901901901901899874e+08	-2.794683501000000092e+01
1.902402402402400076e+08	-2.798620212999999879e+01
1.902902902902899981e+08	-2.799451876999999911e+01
1.903403403403399885e+08	-2.800123294000000129e+01
1.903903903903900087e+08	-2.799555421999999894e+01
1.904404404404399991e+08	-2.798963163000000165e+01
1.904904904904899895e+08	-2.801788601000000156e+01
1.905405405405409932e+08	-2.800274079000000071e+01
1.905905905905910134e+08	-2.804499471999999827e+01
1.906406406406410038e+08	-2.802684595999999928e+01
1.906906906906909943e+08	-2.803160759000000013e+01
1.907407407407410145e+08	-2.808644595999999893e+01
1.907907907907910049e+08	-2.804507352999999981e+01
1.908408408408409953e+08	-2.810699156000000087e+01
1.908908908908909857e+08	-2.807562877999999884e+01
1.909409409409410059e+08	-2.807928980000000152e+01
1.909909909909909964e+08	-2.809610860000000088e+01
1.910410410410409868e+08	-2.808285451000000066e+01
1.910910910910910070e+08	-2.810894577999999910e+01
1.911411411411409974e+08	-2.807362360000000123e+01
1.911911911911909878e+08	-2.808168471000000110e+01
1.912412412412410080e+08	-2.805289145000000062e+01
1.912912912912909985e+08	-2.811818304999999896e+01
1.913413413413409889e+08	-2.812001206000000053e+01
1.913913913913910091e+08	-2.811992169999999902e+01
1.914414414414409995e+08	-2.814393016000000003e+01
1.914914914914909899e+08	-2.812580446999999850e+01
1.915415415415419936e+08	-2.811974495000000118e+01
1.915915915915920138e+08	-2.811723728000000122e+01
1.916416416416420043e+08	-2.816145438999999939e+01
1.916916916916919947e+08	-2.815787663000000052e+01
1.917417417417420149e+08	-2.814271716000000012e+01
1.917917917917920053e+08	-2.816542104999999907e+01
1.918418418418419957e+08	-2.815360932000000105e+01
1.918918918918919861e+08	-2.817232637000000040e+01
1.919419419419420063e+08	-2.818517041999999861e+01
1.919919919919919968e+08	-2.816311702999999866e+01
1.920420420420419872e+08	-2.819052784000000145e+01
1.920920920920920074e+08	-2.821534411000000020e+01
1.921421421421419978e+08	-2.819413257000000073e+01
1.921921921921919882e+08	-2.820599690999999964e+01
1.922422422422420084e+08	-2.819007570000000129e+01
1.922922922922919989e+08	-2.822025400000000062e+01
1.923423423423419893e+08	-2.822410218999999998e+01
1.923923923923920095e+08	-2.820266991000000090e+01
1.924424424424419999e+08	-2.823334678000000153e+01
1.924924924924919903e+08	-2.823024573000000004e+01
1.925425425425429940e+08	-2.825808723999999827e+01
1.925925925925930142e+08	-2.828490632000000105e+01
1.926426426426430047e+08	-2.821951087000000058e+01
1.926926926926929951e+08	-2.826215295000000083e+01
1.927427427427429855e+08	-2.824863111999999887e+01
1.927927927927930057e+08	-2.824706452999999939e+01
1.928428428428429961e+08	-2.824757171999999983e+01
1.928928928928929865e+08	-2.827808003000000170e+01
1.929429429429430068e+08	-2.828145479000000151e+01
1.929929929929929972e+08	-2.824944595999999919e+01
1.930430430430429876e+08	-2.826526929999999993e+01
1.930930930930930078e+08	-2.826769131000000002e+01
1.931431431431429982e+08	-2.826162696999999824e+01
1.931931931931929886e+08	-2.830045974000000086e+01
1.932432432432430089e+08	-2.830120322000000144e+01
1.932932932932929993e+08	-2.832234928000000096e+01
1.933433433433429897e+08	-2.828518890999999869e+01
1.933933933933930099e+08	-2.826847549000000015e+01
1.934434434434430003e+08	-2.828724288000000087e+01
1.934934934934929907e+08	-2.831602283000000142e+01
1.935435435435439944e+08	-2.831102643999999913e+01
1.935935935935940146e+08	-2.828223561000000075e+01
1.936436436436440051e+08	-2.831658579999999859e+01
1.936936936936939955e+08	-2.833352817000000101e+01
1.937437437437439859e+08	-2.831857129999999856e+01
1.937937937937940061e+08	-2.833201512999999849e+01
1.938438438438439965e+08	-2.832283934000000158e+01
1.938938938938939869e+08	-2.835043755999999959e+01
1.939439439439440072e+08	-2.832695696000000041e+01
1.939939939939939976e+08	-2.833258189000000016e+01
1.940440440440439880e+08	-2.833074858000000162e+01
1.940940940940940082e+08	-2.835159952000000061e+01
1.941441441441439986e+08	-2.834388111999999893e+01
1.941941941941939890e+08	-2.835033496999999869e+01
1.942442442442440093e+08	-2.833744081000000037e+01
1.942942942942939997e+08	-2.837421691999999851e+01
1.943443443443439901e+08	-2.835925738999999979e+01
1.943943943943940103e+08	-2.835843739999999968e+01
1.944444444444440007e+08	-2.836206367000000128e+01
1.944944944944939911e+08	-2.837282898999999858e+01
1.945445445445449948e+08	-2.838042160999999908e+01
1.945945945945949852e+08	-2.836472987000000145e+01
1.946446446446450055e+08	-2.838151884999999908e+01
1.946946946946949959e+08	-2.837160224999999869e+01
1.947447447447449863e+08	-2.839901091000000122e+01
1.947947947947950065e+08	-2.837203663000000020e+01
1.948448448448449969e+08	-2.834998747999999935e+01
1.948948948948949873e+08	-2.838115167000000127e+01
1.949449449449450076e+08	-2.839593118000000160e+01
1.949949949949949980e+08	-2.835587304999999958e+01
1.950450450450449884e+08	-2.838853187999999861e+01
1.950950950950950086e+08	-2.842374425999999943e+01
1.951451451451449990e+08	-2.840648420999999857e+01
1.951951951951949894e+08	-2.835494474000000054e+01
1.952452452452450097e+08	-2.839012220000000042e+01
1.952952952952950001e+08	-2.837994949999999861e+01
1.953453453453449905e+08	-2.838094502999999946e+01
1.953953953953950107e+08	-2.839339675000000085e+01
1.954454454454450011e+08	-2.841043592000000118e+01
1.954954954954949915e+08	-2.837047254999999879e+01
1.955455455455459952e+08	-2.842313635000000005e+01
1.955955955955959857e+08	-2.841854118999999912e+01
1.956456456456460059e+08	-2.841481312999999886e+01
1.956956956956959963e+08	-2.839902971000000065e+01
1.957457457457459867e+08	-2.837465394999999901e+01
1.957957957957960069e+08	-2.834075402999999937e+01
1.958458458458459973e+08	-2.837871601000000155e+01
1.958958958958959877e+08	-2.842985561000000061e+01
1.959459459459460080e+08	-2.838618590000000097e+01
1.959959959959959984e+08	-2.839081376000000034e+01
1.960460460460459888e+08	-2.839358808000000067e+01
1.960960960960960090e+08	-2.841819231999999928e+01
1.961461461461459994e+08	-2.843657381999999956e+01
1.961961961961959898e+08	-2.838433922999999837e+01
1.962462462462460101e+08	-2.842236361000000144e+01
1.962962962962960005e+08	-2.843339200999999861e+01
1.963463463463459909e+08	-2.844935657999999989e+01
1.963963963963960111e+08	-2.837108831999999836e+01
1.964464464464460015e+08	-2.841388119999999873e+01
1.964964964964959919e+08	-2.847035053999999832e+01
1.965465465465469956e+08	-2.840537538999999967e+01
1.965965965965969861e+08	-2.836662796999999969e+01
1.966466466466470063e+08	-2.844741563999999912e+01
1.966966966966969967e+08	-2.842642593000000062e+01
1.967467467467469871e+08	-2.840586099000000075e+01
1.967967967967970073e+08	-2.844079147000000063e+01
1.968468468468469977e+08	-2.844614139000000108e+01
1.968968968968969882e+08	-2.843904652000000155e+01
1.969469469469470084e+08	-2.838875726999999927e+01
1.969969969969969988e+08	-2.840030657999999875e+01
1.970470470470469892e+08	-2.841285643000000150e+01
1.970970970970970094e+08	-2.838138600999999994e+01
1.971471471471469998e+08	-2.841492536000000158e+01
1.971971971971969903e+08	-2.842929704999999885e+01
1.972472472472470105e+08	-2.844989856999999844e+01
1.972972972972970009e+08	-2.838153828000000090e+01
1.973473473473469913e+08	-2.838277645000000149e+01
1.973973973973970115e+08	-2.839777765999999914e+01
1.974474474474470019e+08	-2.839489277999999928e+01
1.974974974974969923e+08	-2.839769254999999859e+01
1.975475475475479960e+08	-2.836939793000000165e+01
1.975975975975979865e+08	-2.842898080000000149e+01
1.976476476476480067e+08	-2.840627295999999902e+01
1.976976976976979971e+08	-2.837401827000000054e+01
1.977477477477479875e+08	-2.840871641000000025e+01
1.977977977977980077e+08	-2.840087575000000086e+01
1.978478478478479981e+08	-2.836670306999999980e+01
1.978978978978979886e+08	-2.842028920999999997e+01
1.979479479479480088e+08	-2.840705284999999947e+01
1.979979979979979992e+08	-2.838822835999999938e+01
1.980480480480479896e+08	-2.841688153000000128e+01
1.980980980980980098e+08	-2.844384682999999825e+01
1.981481481481480002e+08	-2.836131277999999867e+01
1.981981981981979907e+08	-2.837092031999999975e+01
1.982482482482480109e+08	-2.835078709000000075e+01
1.982982982982980013e+08	-2.843202099999999888e+01
1.983483483483479917e+08	-2.842259131000000139e+01
1.983983983983980119e+08	-2.837612421000000040e+01
1.984484484484480023e+08	-2.837973535000000069e+01
1.984984984984979928e+08	-2.835094722999999917e+01
1.985485485485489964e+08	-2.834829020000000099e+01
1.985985985985989869e+08	-2.838693320999999870e+01
1.986486486486490071e+08	-2.837798958000000127e+01
1.986986986986989975e+08	-2.839711026999999888e+01
1.987487487487489879e+08	-2.839290538999999924e+01
1.987987987987990081e+08	-2.836383071999999927e+01
1.988488488488489985e+08	-2.838513095000000064e+01
1.988988988988989890e+08	-2.835131523000000087e+01
1.989489489489490092e+08	-2.837994929999999982e+01
1.989989989989989996e+08	-2.838768252999999930e+01
1.990490490490489900e+08	-2.837696445999999995e+01
1.990990990990990102e+08	-2.836264539000000084e+01
1.991491491491490006e+08	-2.835196653999999938e+01
1.991991991991989911e+08	-2.841152337999999844e+01
1.992492492492490113e+08	-2.835228538999999870e+01
1.992992992992990017e+08	-2.837317604000000060e+01
1.993493493493489921e+08	-2.833890066000000019e+01
1.993993993993990123e+08	-2.835773865999999899e+01
1.994494494494490027e+08	-2.839039603999999883e+01
1.994994994994989932e+08	-2.837809445999999980e+01
1.995495495495499969e+08	-2.835797806000000065e+01
1.995995995995999873e+08	-2.837670754000000173e+01
1.996496496496500075e+08	-2.835291797000000003e+01
1.996996996996999979e+08	-2.839132266000000016e+01
1.997497497497499883e+08	-2.837975541999999862e+01
1.997997997998000085e+08	-2.835012225999999913e+01
1.998498498498499990e+08	-2.834017676999999935e+01
1.998998998998999894e+08	-2.828813668000000092e+01
1.999499499499500096e+08	-2.832361672000000041e+01
2.000000000000000000e+08	-2.835214068000000154e+01
