-9.500000000000000000e+00 1.300841802681957926e-01
-8.500000000000000000e+00 1.275321391152440254e-01
-7.500000000000000000e+00 1.313780714332234145e-01
-6.500000000000000000e+00 1.301921283544188734e-01
-5.500000000000000000e+00 1.293580721698749936e-01
-4.500000000000000000e+00 1.309704405743278566e-01
-3.500000000000000000e+00 1.346948755251181629e-01
-2.500000000000000000e+00 1.373408373618766887e-01
-1.500000000000000000e+00 1.458816670844875762e-01
-5.000000000000000000e-01 1.522953100658909487e-01
5.000000000000000000e-01 1.526000266402760541e-01
1.500000000000000000e+00 1.697968592274617383e-01
2.500000000000000000e+00 1.955552881780771857e-01
3.500000000000000000e+00 2.073659221503086347e-01
4.500000000000000000e+00 2.275970340289475702e-01
5.500000000000000000e+00 2.298183070603629918e-01
6.500000000000000000e+00 2.363679938326127827e-01
7.500000000000000000e+00 2.319436779264230641e-01
8.500000000000000000e+00 2.263990821409067045e-01
9.500000000000000000e+00 2.299415376903874153e-01
