# X 	 Y
1.500000000000000000e+08	-3.035252914999999874e+01
1.500500500500499904e+08	-3.034851590999999971e+01
1.501001001001000106e+08	-3.041867355000000117e+01
1.501501501501500010e+08	-3.036943408000000133e+01
1.502002002001999915e+08	-3.034528588999999954e+01
1.502502502502500117e+08	-3.034311170999999874e+01
1.503003003003000021e+08	-3.036186178999999896e+01
1.503503503503499925e+08	-3.031820327999999876e+01
1.504004004004000127e+08	-3.033498495999999989e+01
1.504504504504500031e+08	-3.033332985999999920e+01
1.505005005005010068e+08	-3.038083703999999940e+01
1.505505505505509973e+08	-3.031505392000000043e+01
1.506006006006009877e+08	-3.025778312999999997e+01
1.506506506506510079e+08	-3.026422000999999895e+01
1.507007007007009983e+08	-3.022337994000000094e+01
1.507507507507509887e+08	-3.030047207999999870e+01
1.508008008008010089e+08	-3.025859945999999923e+01
1.508508508508509994e+08	-3.023454209000000148e+01
1.509009009009009898e+08	-3.029549826999999951e+01
1.509509509509510100e+08	-3.018306782000000155e+01
1.510010010010010004e+08	-3.017901900000000026e+01
1.510510510510509908e+08	-3.021812871999999928e+01
1.511011011011010110e+08	-3.018990580999999906e+01
1.511511511511510015e+08	-3.025046109999999899e+01
1.512012012012009919e+08	-3.013768157999999886e+01
1.512512512512510121e+08	-3.017308992999999973e+01
1.513013013013010025e+08	-3.011400980999999888e+01
1.513513513513509929e+08	-3.017618943000000087e+01
1.514014014014010131e+08	-3.015061537000000058e+01
1.514514514514510036e+08	-3.010228121000000101e+01
1.515015015015020072e+08	-3.014490087000000074e+01
1.515515515515519977e+08	-3.010784111999999979e+01
1.516016016016019881e+08	-3.014938877999999889e+01
1.516516516516520083e+08	-3.015336132999999919e+01
1.517017017017019987e+08	-3.015532110999999915e+01
1.517517517517519891e+08	-3.011594515999999899e+01
1.518018018018020093e+08	-3.011589260999999951e+01
1.518518518518519998e+08	-3.010954926000000142e+01
1.519019019019019902e+08	-3.005489170999999970e+01
1.519519519519520104e+08	-3.013081206000000023e+01
1.520020020020020008e+08	-3.002281171999999998e+01
1.520520520520519912e+08	-3.006713446999999917e+01
1.521021021021020114e+08	-3.013755527000000001e+01
1.521521521521520019e+08	-3.001262073999999913e+01
1.522022022022019923e+08	-3.000610941000000054e+01
1.522522522522520125e+08	-3.003717508000000080e+01
1.523023023023020029e+08	-3.000555493999999968e+01
1.523523523523519933e+08	-3.003435298000000131e+01
1.524024024024020135e+08	-3.000112767999999974e+01
1.524524524524520040e+08	-2.996991575999999924e+01
1.525025025025030077e+08	-2.995235631999999981e+01
1.525525525525529981e+08	-3.000957689000000173e+01
1.526026026026029885e+08	-2.994774384999999839e+01
1.526526526526530087e+08	-2.997753206000000148e+01
1.527027027027029991e+08	-2.991259932000000177e+01
1.527527527527529895e+08	-2.991178644000000020e+01
1.528028028028030097e+08	-2.988449031000000033e+01
1.528528528528530002e+08	-2.991422903000000133e+01
1.529029029029029906e+08	-2.993635688999999900e+01
1.529529529529530108e+08	-2.989555316999999945e+01
1.530030030030030012e+08	-2.999470913000000039e+01
1.530530530530529916e+08	-2.977916391000000118e+01
1.531031031031030118e+08	-2.987736944999999977e+01
1.531531531531530023e+08	-2.983169172999999930e+01
1.532032032032029927e+08	-2.983891712999999868e+01
1.532532532532530129e+08	-2.985102045000000004e+01
1.533033033033030033e+08	-2.987281576999999899e+01
1.533533533533529937e+08	-2.980294475000000176e+01
1.534034034034030139e+08	-2.980072599000000011e+01
1.534534534534530044e+08	-2.976206902999999926e+01
1.535035035035040081e+08	-2.973841176999999902e+01
1.535535535535539985e+08	-2.975287300000000101e+01
1.536036036036039889e+08	-2.974017016999999896e+01
1.536536536536540091e+08	-2.977829507999999947e+01
1.537037037037039995e+08	-2.966296077000000153e+01
1.537537537537539899e+08	-2.967507854999999850e+01
1.538038038038040102e+08	-2.968013570999999828e+01
1.538538538538540006e+08	-2.961869331000000116e+01
1.539039039039039910e+08	-2.959660055000000156e+01
1.539539539539540112e+08	-2.958317084999999835e+01
1.540040040040040016e+08	-2.969189915999999840e+01
1.540540540540539920e+08	-2.954156140999999991e+01
1.541041041041040123e+08	-2.962823402000000073e+01
1.541541541541540027e+08	-2.953698325999999952e+01
1.542042042042039931e+08	-2.965180876000000154e+01
1.542542542542540133e+08	-2.952681065999999888e+01
1.543043043043040037e+08	-2.955824352999999860e+01
1.543543543543539941e+08	-2.952515735000000063e+01
1.544044044044040143e+08	-2.948351242000000028e+01
1.544544544544540048e+08	-2.933641008000000028e+01
1.545045045045050085e+08	-2.949332275000000081e+01
1.545545545545549989e+08	-2.945733673999999880e+01
1.546046046046049893e+08	-2.944509482000000133e+01
1.546546546546550095e+08	-2.933517803999999884e+01
1.547047047047049999e+08	-2.935856885999999832e+01
1.547547547547549903e+08	-2.932345377000000042e+01
1.548048048048050106e+08	-2.930981853999999842e+01
1.548548548548550010e+08	-2.926294906000000040e+01
1.549049049049049914e+08	-2.927011807999999959e+01
1.549549549549550116e+08	-2.920084273999999880e+01
1.550050050050050020e+08	-2.922335804000000081e+01
1.550550550550549924e+08	-2.917887831999999904e+01
1.551051051051050127e+08	-2.912213128000000140e+01
1.551551551551550031e+08	-2.915840182999999897e+01
1.552052052052049935e+08	-2.902222434999999834e+01
1.552552552552550137e+08	-2.909584455999999975e+01
1.553053053053050041e+08	-2.902593205000000154e+01
1.553553553553549945e+08	-2.896143280000000075e+01
1.554054054054050148e+08	-2.901562702000000016e+01
1.554554554554550052e+08	-2.893945988999999841e+01
1.555055055055060089e+08	-2.881220251999999959e+01
1.555555555555559993e+08	-2.875746378999999919e+01
1.556056056056059897e+08	-2.892501998999999913e+01
1.556556556556560099e+08	-2.877782515000000174e+01
1.557057057057060003e+08	-2.874983609999999956e+01
1.557557557557559907e+08	-2.868538033000000098e+01
1.558058058058060110e+08	-2.865179980999999998e+01
1.558558558558560014e+08	-2.866295095999999987e+01
1.559059059059059918e+08	-2.855479186999999897e+01
1.559559559559560120e+08	-2.853258751999999987e+01
1.560060060060060024e+08	-2.846886208000000096e+01
1.560560560560559928e+08	-2.843823426999999882e+01
1.561061061061060131e+08	-2.837915729999999925e+01
1.561561561561560035e+08	-2.835756955000000090e+01
1.562062062062059939e+08	-2.830296132000000142e+01
1.562562562562560141e+08	-2.818685543000000138e+01
1.563063063063060045e+08	-2.812156995000000137e+01
1.563563563563559949e+08	-2.806471643000000071e+01
1.564064064064059854e+08	-2.806127588000000017e+01
1.564564564564560056e+08	-2.797767788000000166e+01
1.565065065065070093e+08	-2.790704292999999936e+01
1.565565565565569997e+08	-2.781129110999999909e+01
1.566066066066069901e+08	-2.782946121000000161e+01
1.566566566566570103e+08	-2.775854123999999956e+01
1.567067067067070007e+08	-2.765516643999999857e+01
1.567567567567569911e+08	-2.756551209999999941e+01
1.568068068068070114e+08	-2.745681396000000163e+01
1.568568568568570018e+08	-2.739487984000000154e+01
1.569069069069069922e+08	-2.734177910000000011e+01
1.569569569569570124e+08	-2.726126972999999865e+01
1.570070070070070028e+08	-2.719240792000000084e+01
1.570570570570569932e+08	-2.710947692999999958e+01
1.571071071071070135e+08	-2.702390119000000013e+01
1.571571571571570039e+08	-2.688069502999999827e+01
1.572072072072069943e+08	-2.676615978999999967e+01
1.572572572572570145e+08	-2.670215066000000093e+01
1.573073073073070049e+08	-2.662928803000000144e+01
1.573573573573569953e+08	-2.653386924000000135e+01
1.574074074074069858e+08	-2.640299003000000155e+01
1.574574574574570060e+08	-2.633123563999999917e+01
1.575075075075080097e+08	-2.622370692000000147e+01
1.575575575575580001e+08	-2.615130837999999969e+01
1.576076076076079905e+08	-2.609754569000000046e+01
1.576576576576580107e+08	-2.601772388999999919e+01
1.577077077077080011e+08	-2.589963665999999876e+01
1.577577577577579916e+08	-2.584586545000000157e+01
1.578078078078080118e+08	-2.575768884000000014e+01
1.578578578578580022e+08	-2.569137242000000043e+01
1.579079079079079926e+08	-2.563378326999999857e+01
1.579579579579580128e+08	-2.562636721999999878e+01
1.580080080080080032e+08	-2.559251864999999881e+01
1.580580580580579937e+08	-2.559121436999999943e+01
1.581081081081080139e+08	-2.559050922000000128e+01
1.581581581581580043e+08	-2.560015923999999998e+01
1.582082082082079947e+08	-2.562174856000000034e+01
1.582582582582579851e+08	-2.571960422000000079e+01
1.583083083083080053e+08	-2.577303307000000032e+01
1.583583583583579957e+08	-2.588984175999999948e+01
1.584084084084079862e+08	-2.604951373000000103e+01
1.584584584584580064e+08	-2.617695137999999844e+01
1.585085085085090101e+08	-2.632330228000000005e+01
1.585585585585590005e+08	-2.651531637000000075e+01
1.586086086086089909e+08	-2.669840681000000160e+01
1.586586586586590111e+08	-2.696691271999999984e+01
1.587087087087090015e+08	-2.714194777999999886e+01
1.587587587587589920e+08	-2.737713967999999909e+01
1.588088088088090122e+08	-2.763606048999999842e+01
1.588588588588590026e+08	-2.784453338999999872e+01
1.589089089089089930e+08	-2.809861778000000143e+01
1.589589589589590132e+08	-2.831438388999999844e+01
1.590090090090090036e+08	-2.856017169000000067e+01
1.590590590590589941e+08	-2.882215644000000054e+01
1.591091091091090143e+08	-2.903972969999999876e+01
1.591591591591590047e+08	-2.925509351999999907e+01
1.592092092092089951e+08	-2.943086054999999845e+01
1.592592592592589855e+08	-2.970883952000000150e+01
1.593093093093090057e+08	-2.992140322999999924e+01
1.593593593593589962e+08	-3.015039240000000120e+01
1.594094094094089866e+08	-3.026897671000000045e+01
1.594594594594590068e+08	-3.053061110000000156e+01
1.595095095095100105e+08	-3.067517180000000110e+01
1.595595595595600009e+08	-3.080817886000000172e+01
1.596096096096099913e+08	-3.098938065999999836e+01
1.596596596596600115e+08	-3.118198388000000065e+01
1.597097097097100019e+08	-3.125042619999999971e+01
1.597597597597599924e+08	-3.133269131999999857e+01
1.598098098098100126e+08	-3.146822098999999895e+01
1.598598598598600030e+08	-3.163332667999999970e+01
1.599099099099099934e+08	-3.172193979000000041e+01
1.599599599599600136e+08	-3.185169390000000078e+01
1.600100100100100040e+08	-3.187010125000000116e+01
1.600600600600599945e+08	-3.196115465000000100e+01
1.601101101101100147e+08	-3.206299810000000150e+01
1.601601601601600051e+08	-3.215537989999999979e+01
1.602102102102099955e+08	-3.220185373999999712e+01
1.602602602602599859e+08	-3.228761138000000130e+01
1.603103103103100061e+08	-3.217492368999999997e+01
1.603603603603599966e+08	-3.234638748999999791e+01
1.604104104104099870e+08	-3.247103124000000207e+01
1.604604604604600072e+08	-3.241604292000000243e+01
1.605105105105110109e+08	-3.242390206000000319e+01
1.605605605605610013e+08	-3.243566480999999868e+01
1.606106106106109917e+08	-3.253035023000000336e+01
1.606606606606610119e+08	-3.241874316999999905e+01
1.607107107107110023e+08	-3.265025605999999669e+01
1.607607607607609928e+08	-3.267082085999999919e+01
1.608108108108110130e+08	-3.259488214999999656e+01
1.608608608608610034e+08	-3.276337112000000218e+01
1.609109109109109938e+08	-3.266582187000000204e+01
1.609609609609610140e+08	-3.267688848000000235e+01
1.610110110110110044e+08	-3.260742868999999899e+01
1.610610610610609949e+08	-3.276058036999999956e+01
1.611111111111109853e+08	-3.278075589000000178e+01
1.611611611611610055e+08	-3.268705980000000011e+01
1.612112112112109959e+08	-3.271294038999999998e+01
1.612612612612609863e+08	-3.281213088999999883e+01
1.613113113113110065e+08	-3.278810400999999786e+01
1.613613613613609970e+08	-3.274160737999999782e+01
1.614114114114109874e+08	-3.265770409000000285e+01
1.614614614614610076e+08	-3.276374713999999955e+01
1.615115115115120113e+08	-3.270399350999999655e+01
1.615615615615620017e+08	-3.277051329999999751e+01
1.616116116116119921e+08	-3.267801469999999853e+01
1.616616616616620123e+08	-3.261032021999999841e+01
1.617117117117120028e+08	-3.280825183000000322e+01
1.617617617617619932e+08	-3.281376350000000031e+01
1.618118118118120134e+08	-3.279213674999999739e+01
1.618618618618620038e+08	-3.278569224999999676e+01
1.619119119119119942e+08	-3.279330654999999695e+01
1.619619619619620144e+08	-3.269534595999999738e+01
1.620120120120120049e+08	-3.264788646000000227e+01
1.620620620620619953e+08	-3.280575110000000194e+01
1.621121121121119857e+08	-3.270521561999999705e+01
1.621621621621620059e+08	-3.282103410999999937e+01
1.622122122122119963e+08	-3.269568816000000311e+01
1.622622622622619867e+08	-3.275267311999999720e+01
1.623123123123120070e+08	-3.281545243000000056e+01
1.623623623623619974e+08	-3.270967118000000085e+01
1.624124124124119878e+08	-3.269002199999999903e+01
1.624624624624620080e+08	-3.278249555000000015e+01
1.625125125125130117e+08	-3.278213531000000103e+01
1.625625625625630021e+08	-3.274157138999999717e+01
1.626126126126129925e+08	-3.263481104000000244e+01
1.626626626626630127e+08	-3.268388247000000035e+01
1.627127127127130032e+08	-3.291943747999999914e+01
1.627627627627629936e+08	-3.270003729999999820e+01
1.628128128128130138e+08	-3.290241970000000293e+01
1.628628628628630042e+08	-3.274024975999999754e+01
1.629129129129129946e+08	-3.282600595000000254e+01
1.629629629629630148e+08	-3.281301538000000306e+01
1.630130130130130053e+08	-3.281246640999999897e+01
1.630630630630629957e+08	-3.268904647000000097e+01
1.631131131131129861e+08	-3.267524303999999802e+01
1.631631631631630063e+08	-3.271225615000000175e+01
1.632132132132129967e+08	-3.267206232000000199e+01
1.632632632632629871e+08	-3.264467292999999870e+01
1.633133133133130074e+08	-3.281687331999999913e+01
1.633633633633629978e+08	-3.271068070999999833e+01
1.634134134134129882e+08	-3.274258408000000031e+01
1.634634634634630084e+08	-3.272851287999999670e+01
1.635135135135140121e+08	-3.284239995000000079e+01
1.635635635635640025e+08	-3.284899278999999694e+01
1.636136136136139929e+08	-3.268238464000000221e+01
1.636636636636640131e+08	-3.270268174000000272e+01
1.637137137137140036e+08	-3.279827721000000196e+01
1.637637637637639940e+08	-3.279431105999999829e+01
1.638138138138140142e+08	-3.288685983999999962e+01
1.638638638638640046e+08	-3.283894735999999881e+01
1.639139139139139950e+08	-3.283489875000000069e+01
1.639639639639639854e+08	-3.282136535000000066e+01
1.640140140140140057e+08	-3.284386889999999681e+01
1.640640640640639961e+08	-3.285269565000000114e+01
1.641141141141139865e+08	-3.288008460000000355e+01
1.641641641641640067e+08	-3.297829670000000135e+01
1.642142142142139971e+08	-3.295488877999999744e+01
1.642642642642639875e+08	-3.292853105999999741e+01
1.643143143143140078e+08	-3.295296141000000034e+01
1.643643643643639982e+08	-3.300929537999999752e+01
1.644144144144139886e+08	-3.299356455000000210e+01
1.644644644644640088e+08	-3.296694630999999731e+01
1.645145145145150125e+08	-3.308839449999999971e+01
1.645645645645650029e+08	-3.311664439999999843e+01
1.646146146146149933e+08	-3.308357536999999837e+01
1.646646646646650136e+08	-3.303995804000000192e+01
1.647147147147150040e+08	-3.317959754000000316e+01
1.647647647647649944e+08	-3.319176511999999946e+01
1.648148148148150146e+08	-3.322476314000000031e+01
1.648648648648650050e+08	-3.328306166000000132e+01
1.649149149149149954e+08	-3.328192073000000306e+01
1.649649649649649858e+08	-3.340346499000000335e+01
1.650150150150150061e+08	-3.328791285999999872e+01
1.650650650650649965e+08	-3.349954242999999821e+01
1.651151151151149869e+08	-3.335222075000000075e+01
1.651651651651650071e+08	-3.348294862000000194e+01
1.652152152152149975e+08	-3.354221007999999671e+01
1.652652652652649879e+08	-3.353602681000000274e+01
1.653153153153150082e+08	-3.363589128000000272e+01
1.653653653653649986e+08	-3.373493352999999928e+01
1.654154154154149890e+08	-3.367127719999999869e+01
1.654654654654650092e+08	-3.380044603000000336e+01
1.655155155155160129e+08	-3.372496186000000051e+01
1.655655655655660033e+08	-3.397443927999999858e+01
1.656156156156159937e+08	-3.395945624000000151e+01
1.656656656656660140e+08	-3.403561418000000316e+01
1.657157157157160044e+08	-3.417912076000000354e+01
1.657657657657659948e+08	-3.407043863999999900e+01
1.658158158158159852e+08	-3.414418163999999933e+01
1.658658658658660054e+08	-3.419612579999999724e+01
1.659159159159159958e+08	-3.429049979999999920e+01
1.659659659659659863e+08	-3.438469143999999744e+01
1.660160160160160065e+08	-3.450321300000000235e+01
1.660660660660659969e+08	-3.445641429999999872e+01
1.661161161161159873e+08	-3.453570052999999973e+01
1.661661661661660075e+08	-3.477112755999999649e+01
1.662162162162159979e+08	-3.487396159000000040e+01
1.662662662662659883e+08	-3.495893678000000193e+01
1.663163163163160086e+08	-3.510575984999999832e+01
1.663663663663659990e+08	-3.513800725000000114e+01
1.664164164164159894e+08	-3.509284808000000311e+01
1.664664664664660096e+08	-3.522376234000000039e+01
1.665165165165170133e+08	-3.545172456000000238e+01
1.665665665665670037e+08	-3.562558869000000072e+01
1.666166166166169941e+08	-3.558684170000000080e+01
1.666666666666670144e+08	-3.581960303999999695e+01
1.667167167167170048e+08	-3.603407331999999741e+01
1.667667667667669952e+08	-3.586048840000000126e+01
1.668168168168169856e+08	-3.616672984000000213e+01
1.668668668668670058e+08	-3.626157676999999779e+01
1.669169169169169962e+08	-3.633720600000000189e+01
1.669669669669669867e+08	-3.669320703000000350e+01
1.670170170170170069e+08	-3.664360347000000218e+01
1.670670670670669973e+08	-3.687671679000000324e+01
1.671171171171169877e+08	-3.703866616999999906e+01
1.671671671671670079e+08	-3.707918085000000019e+01
1.672172172172169983e+08	-3.714992739000000199e+01
1.672672672672669888e+08	-3.741188847000000095e+01
1.673173173173170090e+08	-3.763887128999999732e+01
1.673673673673669994e+08	-3.800538698999999809e+01
1.674174174174169898e+08	-3.813445119000000005e+01
1.674674674674670100e+08	-3.817782920999999874e+01
1.675175175175180137e+08	-3.843321742999999913e+01
1.675675675675680041e+08	-3.870491162999999801e+01
1.676176176176179945e+08	-3.879350362999999646e+01
1.676676676676680148e+08	-3.909378343000000200e+01
1.677177177177180052e+08	-3.934019183000000197e+01
1.677677677677679956e+08	-3.965060419000000280e+01
1.678178178178179860e+08	-3.985197365999999874e+01
1.678678678678680062e+08	-4.005303825000000018e+01
1.679179179179179966e+08	-4.034819798000000191e+01
1.679679679679679871e+08	-4.039655126000000251e+01
1.680180180180180073e+08	-4.062903083999999865e+01
1.680680680680679977e+08	-4.095590208000000132e+01
1.681181181181179881e+08	-4.130435285000000079e+01
1.681681681681680083e+08	-4.151507786999999894e+01
1.682182182182179987e+08	-4.182042787000000317e+01
1.682682682682679892e+08	-4.247750077999999974e+01
1.683183183183180094e+08	-4.240039016000000061e+01
1.683683683683679998e+08	-4.259925216999999975e+01
1.684184184184179902e+08	-4.307671252000000095e+01
1.684684684684680104e+08	-4.309427800999999647e+01
1.685185185185190141e+08	-4.315996795000000219e+01
1.685685685685690045e+08	-4.366061301999999955e+01
1.686186186186189950e+08	-4.373357636000000070e+01
1.686686686686689854e+08	-4.394088702999999896e+01
1.687187187187190056e+08	-4.382049720999999920e+01
1.687687687687689960e+08	-4.400530488999999790e+01
1.688188188188189864e+08	-4.415392467000000210e+01
1.688688688688690066e+08	-4.466010672000000170e+01
1.689189189189189970e+08	-4.482414696000000021e+01
1.689689689689689875e+08	-4.430775921000000039e+01
1.690190190190190077e+08	-4.451319634000000036e+01
1.690690690690689981e+08	-4.465396238000000295e+01
1.691191191191189885e+08	-4.459025220000000189e+01
1.691691691691690087e+08	-4.399710254000000020e+01
1.692192192192189991e+08	-4.436696734000000220e+01
1.692692692692689896e+08	-4.433525550000000237e+01
1.693193193193190098e+08	-4.401909507999999960e+01
1.693693693693690002e+08	-4.367261933999999712e+01
1.694194194194189906e+08	-4.373076686000000279e+01
1.694694694694690108e+08	-4.362342663999999814e+01
1.695195195195200145e+08	-4.307338941999999804e+01
1.695695695695700049e+08	-4.297885804999999948e+01
1.696196196196199954e+08	-4.257858275000000248e+01
1.696696696696699858e+08	-4.238739620999999858e+01
1.697197197197200060e+08	-4.207770717999999732e+01
1.697697697697699964e+08	-4.203154100999999798e+01
1.698198198198199868e+08	-4.187468356000000114e+01
1.698698698698700070e+08	-4.131520701000000173e+01
1.699199199199199975e+08	-4.089050189000000302e+01
1.699699699699699879e+08	-4.084959618999999975e+01
1.700200200200200081e+08	-4.048850498000000186e+01
1.700700700700699985e+08	-4.027110743000000070e+01
1.701201201201199889e+08	-4.013177665999999988e+01
1.701701701701700091e+08	-3.996887753000000032e+01
1.702202202202199996e+08	-3.962395784999999648e+01
1.702702702702699900e+08	-3.934447956000000346e+01
1.703203203203200102e+08	-3.909520518000000067e+01
1.703703703703700006e+08	-3.915935034000000314e+01
1.704204204204199910e+08	-3.901097293000000121e+01
1.704704704704700112e+08	-3.883007103999999998e+01
1.705205205205209851e+08	-3.828546104000000128e+01
1.705705705705710053e+08	-3.825341458999999844e+01
1.706206206206209958e+08	-3.833183514000000258e+01
1.706706706706709862e+08	-3.782255946000000080e+01
1.707207207207210064e+08	-3.803155225999999800e+01
1.707707707707709968e+08	-3.780352703999999875e+01
1.708208208208209872e+08	-3.740250800999999825e+01
1.708708708708710074e+08	-3.724330626999999794e+01
1.709209209209209979e+08	-3.706887345999999894e+01
1.709709709709709883e+08	-3.705595897999999977e+01
1.710210210210210085e+08	-3.696304864999999751e+01
1.710710710710709989e+08	-3.682305992999999944e+01
1.711211211211209893e+08	-3.648725044999999767e+01
1.711711711711710095e+08	-3.664530461999999744e+01
1.712212212212210000e+08	-3.624643801999999937e+01
1.712712712712709904e+08	-3.628625751999999949e+01
1.713213213213210106e+08	-3.617444822000000215e+01
1.713713713713710010e+08	-3.594512918000000212e+01
1.714214214214209914e+08	-3.590787528999999978e+01
1.714714714714710116e+08	-3.566813995999999776e+01
1.715215215215219855e+08	-3.571223049000000316e+01
1.715715715715720057e+08	-3.557755408999999958e+01
1.716216216216219962e+08	-3.543250602999999899e+01
1.716716716716719866e+08	-3.524781059000000027e+01
1.717217217217220068e+08	-3.513295935000000014e+01
1.717717717717719972e+08	-3.510618105000000355e+01
1.718218218218219876e+08	-3.494844020000000029e+01
1.718718718718720078e+08	-3.487462830999999852e+01
1.719219219219219983e+08	-3.482889034000000095e+01
1.719719719719719887e+08	-3.476537625999999648e+01
1.720220220220220089e+08	-3.454728338999999693e+01
1.720720720720719993e+08	-3.440965333999999842e+01
1.721221221221219897e+08	-3.441341113000000007e+01
1.721721721721720099e+08	-3.440049635999999822e+01
1.722222222222220004e+08	-3.422020896000000079e+01
1.722722722722719908e+08	-3.418554713999999706e+01
1.723223223223220110e+08	-3.405720750999999780e+01
1.723723723723720014e+08	-3.394859198999999705e+01
1.724224224224219918e+08	-3.382918569000000275e+01
1.724724724724720120e+08	-3.378670896999999940e+01
1.725225225225229859e+08	-3.389526582999999960e+01
1.725725725725730062e+08	-3.372115369000000129e+01
1.726226226226229966e+08	-3.362543873999999988e+01
1.726726726726729870e+08	-3.358262212999999718e+01
1.727227227227230072e+08	-3.344458791999999647e+01
1.727727727727729976e+08	-3.348134539000000132e+01
1.728228228228229880e+08	-3.336619546000000014e+01
1.728728728728730083e+08	-3.328864104000000168e+01
1.729229229229229987e+08	-3.324153065000000140e+01
1.729729729729729891e+08	-3.314358182000000141e+01
1.730230230230230093e+08	-3.319518965000000321e+01
1.730730730730729997e+08	-3.293296718999999939e+01
1.731231231231229901e+08	-3.289910117000000156e+01
1.731731731731730103e+08	-3.294131871999999817e+01
1.732232232232230008e+08	-3.272187498000000261e+01
1.732732732732729912e+08	-3.278226661000000064e+01
1.733233233233230114e+08	-3.280830219999999997e+01
1.733733733733730018e+08	-3.270427781000000067e+01
1.734234234234229922e+08	-3.265478676000000036e+01
1.734734734734730124e+08	-3.261857648000000154e+01
1.735235235235239863e+08	-3.255289643999999782e+01
1.735735735735740066e+08	-3.252997933999999702e+01
1.736236236236239970e+08	-3.234117547000000314e+01
1.736736736736739874e+08	-3.249747801000000180e+01
1.737237237237240076e+08	-3.245655603000000156e+01
1.737737737737739980e+08	-3.228944795999999684e+01
1.738238238238239884e+08	-3.228708779000000106e+01
1.738738738738740087e+08	-3.216358466999999877e+01
1.739239239239239991e+08	-3.201560415000000148e+01
1.739739739739739895e+08	-3.210519731000000121e+01
1.740240240240240097e+08	-3.211113370999999717e+01
1.740740740740740001e+08	-3.198732077000000018e+01
1.741241241241239905e+08	-3.188425825999999930e+01
1.741741741741740108e+08	-3.192019171999999827e+01
1.742242242242240012e+08	-3.180707811999999990e+01
1.742742742742739916e+08	-3.192414942999999994e+01
1.743243243243240118e+08	-3.181686326999999892e+01
1.743743743743740022e+08	-3.186537420000000154e+01
1.744244244244239926e+08	-3.172886470999999986e+01
1.744744744744740129e+08	-3.176774427000000145e+01
1.745245245245249867e+08	-3.169240544000000170e+01
1.745745745745750070e+08	-3.163709543999999951e+01
1.746246246246249974e+08	-3.160148618999999925e+01
1.746746746746749878e+08	-3.152297654999999921e+01
1.747247247247250080e+08	-3.149481687000000107e+01
1.747747747747749984e+08	-3.140635015999999879e+01
1.748248248248249888e+08	-3.140508163000000152e+01
1.748748748748750091e+08	-3.136750314000000017e+01
1.749249249249249995e+08	-3.134836355999999924e+01
1.749749749749749899e+08	-3.134587435999999983e+01
1.750250250250250101e+08	-3.135025882000000053e+01
1.750750750750750005e+08	-3.126521234000000149e+01
1.751251251251249909e+08	-3.123405490000000029e+01
1.751751751751750112e+08	-3.115236708999999848e+01
1.752252252252250016e+08	-3.118117714999999990e+01
1.752752752752749920e+08	-3.115406335999999854e+01
1.753253253253250122e+08	-3.115019643999999843e+01
1.753753753753750026e+08	-3.107705729999999988e+01
1.754254254254249930e+08	-3.105955183000000019e+01
1.754754754754750133e+08	-3.096451435000000174e+01
1.755255255255259871e+08	-3.095540215999999845e+01
1.755755755755760074e+08	-3.101474715000000160e+01
1.756256256256259978e+08	-3.088878388999999913e+01
1.756756756756759882e+08	-3.091909159000000074e+01
1.757257257257260084e+08	-3.084148004000000043e+01
1.757757757757759988e+08	-3.076395716000000036e+01
1.758258258258259892e+08	-3.080100144000000029e+01
1.758758758758760095e+08	-3.076891811000000132e+01
1.759259259259259999e+08	-3.074824118000000084e+01
1.759759759759759903e+08	-3.072458852000000107e+01
1.760260260260260105e+08	-3.073024059000000108e+01
1.760760760760760009e+08	-3.066877494999999954e+01
1.761261261261259913e+08	-3.056642320999999995e+01
1.761761761761760116e+08	-3.059684976999999861e+01
1.762262262262260020e+08	-3.061291879999999921e+01
1.762762762762759924e+08	-3.053938288000000156e+01
1.763263263263260126e+08	-3.052151966999999999e+01
1.763763763763760030e+08	-3.048073520000000158e+01
1.764264264264259934e+08	-3.048551833999999872e+01
1.764764764764760137e+08	-3.048252997999999891e+01
1.765265265265269876e+08	-3.041283690999999934e+01
1.765765765765770078e+08	-3.039235719999999930e+01
1.766266266266269982e+08	-3.041457888000000054e+01
1.766766766766769886e+08	-3.024207400999999962e+01
1.767267267267270088e+08	-3.031197779000000025e+01
1.767767767767769992e+08	-3.022376051999999902e+01
1.768268268268269897e+08	-3.028119128999999887e+01
1.768768768768770099e+08	-3.023750121000000135e+01
1.769269269269270003e+08	-3.024033236000000002e+01
1.769769769769769907e+08	-3.012443947999999949e+01
1.770270270270270109e+08	-3.013314688999999902e+01
1.770770770770770013e+08	-3.018760075000000143e+01
1.771271271271269917e+08	-3.005977602999999831e+01
1.771771771771770120e+08	-3.010302576000000130e+01
1.772272272272270024e+08	-3.002660308000000100e+01
1.772772772772769928e+08	-3.003056438000000128e+01
1.773273273273270130e+08	-3.003043152000000049e+01
1.773773773773770034e+08	-2.996483525000000014e+01
1.774274274274269938e+08	-3.000617938999999978e+01
1.774774774774770141e+08	-2.989610618000000031e+01
1.775275275275279880e+08	-3.000307404000000133e+01
1.775775775775780082e+08	-2.994710746000000157e+01
1.776276276276279986e+08	-2.985439325000000110e+01
1.776776776776779890e+08	-2.993615894999999938e+01
1.777277277277280092e+08	-2.986841284000000130e+01
1.777777777777779996e+08	-2.987681298000000041e+01
1.778278278278279901e+08	-2.983476774000000020e+01
1.778778778778780103e+08	-2.970282926000000145e+01
1.779279279279280007e+08	-2.979563936999999996e+01
1.779779779779779911e+08	-2.976425262000000060e+01
1.780280280280280113e+08	-2.972122816999999984e+01
1.780780780780780017e+08	-2.971630711999999974e+01
1.781281281281279922e+08	-2.969244193999999837e+01
1.781781781781780124e+08	-2.970492550999999892e+01
1.782282282282280028e+08	-2.967024417000000014e+01
1.782782782782779932e+08	-2.960683449000000067e+01
1.783283283283280134e+08	-2.964495505000000009e+01
1.783783783783780038e+08	-2.961197793999999917e+01
1.784284284284279943e+08	-2.953169262999999845e+01
1.784784784784780145e+08	-2.953825004000000121e+01
1.785285285285289884e+08	-2.953611417000000117e+01
1.785785785785790086e+08	-2.948489942000000141e+01
1.786286286286289990e+08	-2.943257921000000010e+01
1.786786786786789894e+08	-2.950769035000000073e+01
1.787287287287290096e+08	-2.941974416000000048e+01
1.787787787787790000e+08	-2.939733611999999852e+01
1.788288288288289905e+08	-2.943458663999999914e+01
1.788788788788790107e+08	-2.935516240000000110e+01
1.789289289289290011e+08	-2.935502153999999919e+01
1.789789789789789915e+08	-2.932001071999999908e+01
1.790290290290290117e+08	-2.933183259000000120e+01
1.790790790790790021e+08	-2.933349481999999853e+01
1.791291291291289926e+08	-2.934055774999999855e+01
1.791791791791790128e+08	-2.928424331000000080e+01
1.792292292292290032e+08	-2.930361891000000085e+01
1.792792792792789936e+08	-2.924164354999999915e+01
1.793293293293290138e+08	-2.926298368999999866e+01
1.793793793793790042e+08	-2.922158801999999866e+01
1.794294294294289947e+08	-2.920909745999999885e+01
1.794794794794790149e+08	-2.920040786999999938e+01
1.795295295295299888e+08	-2.920955607999999870e+01
1.795795795795800090e+08	-2.911180082999999996e+01
1.796296296296299994e+08	-2.916030650000000080e+01
1.796796796796799898e+08	-2.905001698999999959e+01
1.797297297297300100e+08	-2.916628813000000164e+01
1.797797797797800004e+08	-2.903076255999999944e+01
1.798298298298299909e+08	-2.901103635000000125e+01
1.798798798798800111e+08	-2.909293952999999888e+01
1.799299299299300015e+08	-2.899093324000000038e+01
1.799799799799799919e+08	-2.902483558999999858e+01
1.800300300300300121e+08	-2.898787735999999882e+01
1.800800800800800025e+08	-2.897619863999999978e+01
1.801301301301299930e+08	-2.897207932999999969e+01
1.801801801801800132e+08	-2.888564625000000063e+01
1.802302302302300036e+08	-2.895491630000000072e+01
1.802802802802799940e+08	-2.891645454000000015e+01
1.803303303303300142e+08	-2.886818132999999875e+01
1.803803803803800046e+08	-2.892599518000000103e+01
1.804304304304299951e+08	-2.887014062000000081e+01
1.804804804804799855e+08	-2.883814879000000175e+01
1.805305305305309892e+08	-2.880209397000000138e+01
1.805805805805810094e+08	-2.883260463999999956e+01
1.806306306306309998e+08	-2.878582124000000064e+01
1.806806806806809902e+08	-2.878313745000000168e+01
1.807307307307310104e+08	-2.881238600000000005e+01
1.807807807807810009e+08	-2.879130284000000017e+01
1.808308308308309913e+08	-2.874323533000000097e+01
1.808808808808810115e+08	-2.873390910000000176e+01
1.809309309309310019e+08	-2.873593796000000111e+01
1.809809809809809923e+08	-2.866203883000000019e+01
1.810310310310310125e+08	-2.870674037999999939e+01
1.810810810810810030e+08	-2.865123920999999996e+01
1.811311311311309934e+08	-2.867404133999999871e+01
1.811811811811810136e+08	-2.864775129999999947e+01
1.812312312312310040e+08	-2.863614813999999953e+01
1.812812812812809944e+08	-2.861236380000000068e+01
1.813313313313310146e+08	-2.865263995999999835e+01
1.813813813813810050e+08	-2.864228492000000159e+01
1.814314314314309955e+08	-2.857439055000000039e+01
1.814814814814809859e+08	-2.857197980000000115e+01
1.815315315315319896e+08	-2.855016678000000141e+01
1.815815815815820098e+08	-2.853629749999999987e+01
1.816316316316320002e+08	-2.857553790000000049e+01
1.816816816816819906e+08	-2.847358537999999939e+01
1.817317317317320108e+08	-2.846235992000000081e+01
1.817817817817820013e+08	-2.854228703000000067e+01
1.818318318318319917e+08	-2.846401382999999896e+01
1.818818818818820119e+08	-2.845856861000000038e+01
1.819319319319320023e+08	-2.848873022000000077e+01
1.819819819819819927e+08	-2.851826755000000091e+01
1.820320320320320129e+08	-2.849600509000000059e+01
1.820820820820820034e+08	-2.841507345000000129e+01
1.821321321321319938e+08	-2.841365676999999934e+01
1.821821821821820140e+08	-2.846335270000000151e+01
1.822322322322320044e+08	-2.842056024000000036e+01
1.822822822822819948e+08	-2.835904972999999885e+01
1.823323323323319852e+08	-2.834962797000000023e+01
1.823823823823820055e+08	-2.835424130000000176e+01
1.824324324324319959e+08	-2.836226046000000167e+01
1.824824824824819863e+08	-2.833463314999999838e+01
1.825325325325329900e+08	-2.834930079000000092e+01
1.825825825825830102e+08	-2.829727782000000147e+01
1.826326326326330006e+08	-2.835192139000000111e+01
1.826826826826829910e+08	-2.834343278000000055e+01
1.827327327327330112e+08	-2.831567353000000153e+01
1.827827827827830017e+08	-2.825979166999999848e+01
1.828328328328329921e+08	-2.828591022000000166e+01
1.828828828828830123e+08	-2.825743380000000116e+01
1.829329329329330027e+08	-2.826148696999999999e+01
1.829829829829829931e+08	-2.827593561000000122e+01
1.830330330330330133e+08	-2.826061848000000154e+01
1.830830830830830038e+08	-2.823092271000000153e+01
1.831331331331329942e+08	-2.822381337999999928e+01
1.831831831831830144e+08	-2.823705782000000042e+01
1.832332332332330048e+08	-2.823102918000000017e+01
1.832832832832829952e+08	-2.816897316000000018e+01
1.833333333333329856e+08	-2.818264432000000141e+01
1.833833833833830059e+08	-2.821009026000000119e+01
1.834334334334329963e+08	-2.824318003999999860e+01
1.834834834834829867e+08	-2.816766962999999890e+01
1.835335335335339904e+08	-2.815530976000000152e+01
1.835835835835840106e+08	-2.813326594999999841e+01
1.836336336336340010e+08	-2.815193152999999882e+01
1.836836836836839914e+08	-2.814047702999999956e+01
1.837337337337340117e+08	-2.815392938000000100e+01
1.837837837837840021e+08	-2.813841280999999839e+01
1.838338338338339925e+08	-2.811991820000000075e+01
1.838838838838840127e+08	-2.809434901999999923e+01
1.839339339339340031e+08	-2.809293097999999844e+01
1.839839839839839935e+08	-2.809468993000000125e+01
1.840340340340340137e+08	-2.807864000000000004e+01
1.840840840840840042e+08	-2.809787050999999991e+01
1.841341341341339946e+08	-2.809374902000000063e+01
1.841841841841840148e+08	-2.805674472999999836e+01
1.842342342342340052e+08	-2.807601893000000004e+01
1.842842842842839956e+08	-2.809866582000000079e+01
1.843343343343339860e+08	-2.807178602000000112e+01
1.843843843843840063e+08	-2.808694526000000025e+01
1.844344344344339967e+08	-2.806375962999999985e+01
1.844844844844839871e+08	-2.802273822000000081e+01
1.845345345345349908e+08	-2.803685571000000110e+01
1.845845845845850110e+08	-2.803789234999999991e+01
1.846346346346350014e+08	-2.806163305000000108e+01
1.846846846846849918e+08	-2.802870024999999998e+01
1.847347347347350121e+08	-2.803046359000000010e+01
1.847847847847850025e+08	-2.801797592000000137e+01
1.848348348348349929e+08	-2.800398608000000067e+01
1.848848848848850131e+08	-2.804183296000000070e+01
1.849349349349350035e+08	-2.797525883000000135e+01
1.849849849849849939e+08	-2.799047364000000115e+01
1.850350350350350142e+08	-2.798383696000000143e+01
1.850850850850850046e+08	-2.797922343999999839e+01
1.851351351351349950e+08	-2.801756723000000093e+01
1.851851851851849854e+08	-2.798019632999999828e+01
1.852352352352350056e+08	-2.798045585999999929e+01
1.852852852852849960e+08	-2.799662430000000057e+01
1.853353353353349864e+08	-2.799766822999999860e+01
1.853853853853850067e+08	-2.799535266999999905e+01
1.854354354354349971e+08	-2.798234440999999961e+01
1.854854854854849875e+08	-2.799812311000000165e+01
1.855355355355359912e+08	-2.797925071999999957e+01
1.855855855855860114e+08	-2.800264781999999997e+01
1.856356356356360018e+08	-2.795569719999999947e+01
1.856856856856859922e+08	-2.794901456999999922e+01
1.857357357357360125e+08	-2.795172566999999830e+01
1.857857857857860029e+08	-2.795008033999999952e+01
1.858358358358359933e+08	-2.799531873000000104e+01
1.858858858858860135e+08	-2.794480851999999871e+01
1.859359359359360039e+08	-2.795674819999999983e+01
1.859859859859859943e+08	-2.795680215000000146e+01
1.860360360360360146e+08	-2.793912987999999942e+01
1.860860860860860050e+08	-2.799461936999999878e+01
1.861361361361359954e+08	-2.794939583000000027e+01
1.861861861861859858e+08	-2.796874847000000130e+01
1.862362362362360060e+08	-2.796305927999999952e+01
1.862862862862859964e+08	-2.797762343000000129e+01
1.863363363363359869e+08	-2.792226459999999832e+01
1.863863863863860071e+08	-2.794016524999999973e+01
1.864364364364359975e+08	-2.793883191999999838e+01
1.864864864864859879e+08	-2.795609261999999973e+01
1.865365365365369916e+08	-2.796033775000000077e+01
1.865865865865870118e+08	-2.794772594999999882e+01
1.866366366366370022e+08	-2.794256452000000124e+01
1.866866866866869926e+08	-2.793249408000000145e+01
1.867367367367370129e+08	-2.793202553000000066e+01
1.867867867867870033e+08	-2.796378049999999860e+01
1.868368368368369937e+08	-2.792146838000000031e+01
1.868868868868870139e+08	-2.797543809000000081e+01
1.869369369369370043e+08	-2.796719002000000032e+01
1.869869869869869947e+08	-2.796714684000000162e+01
1.870370370370369852e+08	-2.794544094999999828e+01
1.870870870870870054e+08	-2.794827693999999951e+01
1.871371371371369958e+08	-2.798466652000000110e+01
1.871871871871869862e+08	-2.795996707999999842e+01
1.872372372372370064e+08	-2.797044147000000081e+01
1.872872872872869968e+08	-2.795594419000000030e+01
1.873373373373369873e+08	-2.797660863999999847e+01
1.873873873873870075e+08	-2.797467655999999891e+01
1.874374374374369979e+08	-2.794848007999999950e+01
1.874874874874869883e+08	-2.799357218000000103e+01
1.875375375375379920e+08	-2.795935422999999886e+01
1.875875875875880122e+08	-2.798372266999999880e+01
1.876376376376380026e+08	-2.799523685000000128e+01
1.876876876876879930e+08	-2.797409268999999910e+01
1.877377377377380133e+08	-2.796310378000000085e+01
1.877877877877880037e+08	-2.798316536000000099e+01
1.878378378378379941e+08	-2.799924667999999883e+01
1.878878878878880143e+08	-2.799974708999999962e+01
1.879379379379380047e+08	-2.797853806000000176e+01
1.879879879879879951e+08	-2.800513103000000115e+01
1.880380380380379856e+08	-2.800357926999999947e+01
1.880880880880880058e+08	-2.801567735000000070e+01
1.881381381381379962e+08	-2.800304205000000124e+01
1.881881881881879866e+08	-2.800599048999999852e+01
1.882382382382380068e+08	-2.802940874000000093e+01
1.882882882882879972e+08	-2.801941732999999957e+01
1.883383383383379877e+08	-2.801149248999999841e+01
1.883883883883880079e+08	-2.800373362999999927e+01
1.884384384384379983e+08	-2.801834486999999996e+01
1.884884884884879887e+08	-2.801864095999999904e+01
1.885385385385389924e+08	-2.803630002999999959e+01
1.885885885885890126e+08	-2.803592519000000038e+01
1.886386386386390030e+08	-2.801792554000000024e+01
1.886886886886889935e+08	-2.801946110000000090e+01
1.887387387387390137e+08	-2.803373713999999950e+01
1.887887887887890041e+08	-2.803534954999999940e+01
1.888388388388389945e+08	-2.805433946999999861e+01
1.888888888888890147e+08	-2.807885813000000041e+01
1.889389389389390051e+08	-2.808501560999999924e+01
1.889889889889889956e+08	-2.803709285000000051e+01
1.890390390390389860e+08	-2.807347796999999900e+01
1.890890890890890062e+08	-2.806301223999999905e+01
1.891391391391389966e+08	-2.805860660999999823e+01
1.891891891891889870e+08	-2.810506670999999912e+01
1.892392392392390072e+08	-2.805112627999999830e+01
1.892892892892889977e+08	-2.812019629999999992e+01
1.893393393393389881e+08	-2.810602877000000177e+01
1.893893893893890083e+08	-2.812751654999999928e+01
1.894394394394389987e+08	-2.810236088999999993e+01
1.894894894894889891e+08	-2.808886275000000055e+01
1.895395395395399928e+08	-2.808971657000000022e+01
1.895895895895900130e+08	-2.811575055000000134e+01
1.896396396396400034e+08	-2.809158511000000047e+01
1.896896896896899939e+08	-2.812060905999999960e+01
1.897397397397400141e+08	-2.812751253000000062e+01
1.897897897897900045e+08	-2.812689092999999829e+01
1.898398398398399949e+08	-2.818058690999999882e+01
1.898898898898899853e+08	-2.814214263999999943e+01
1.899399399399400055e+08	-2.815434830999999960e+01
1.899899899899899960e+08	-2.813074629999999843e+01
1.900400400400399864e+08	-2.818909370000000081e+01
1.900900900900900066e+08	-2.815405085000000085e+01
1.901401401401399970e+08	-2.816467911000000157e+01
1.901901901901899874e+08	-2.815172798000000043e+01
1.902402402402400076e+08	-2.818769001000000074e+01
1.902902902902899981e+08	-2.815954707999999940e+01
1.903403403403399885e+08	-2.818554990999999887e+01
1.903903903903900087e+08	-2.818010602000000020e+01
1.904404404404399991e+08	-2.818626658000000162e+01
1.904904904904899895e+08	-2.820707097000000019e+01
1.905405405405409932e+08	-2.818594663000000011e+01
1.905905905905910134e+08	-2.817259230000000159e+01
1.906406406406410038e+08	-2.819356849000000054e+01
1.906906906906909943e+08	-2.820257825999999923e+01
1.907407407407410145e+08	-2.821638894999999891e+01
1.907907907907910049e+08	-2.824498193000000157e+01
1.908408408408409953e+08	-2.823033373000000168e+01
1.908908908908909857e+08	-2.827083843000000130e+01
1.909409409409410059e+08	-2.824126211000000097e+01
1.909909909909909964e+08	-2.825557227999999910e+01
1.910410410410409868e+08	-2.823181857999999878e+01
1.910910910910910070e+08	-2.826909191000000021e+01
1.911411411411409974e+08	-2.825504456000000175e+01
1.911911911911909878e+08	-2.824409959000000114e+01
1.912412412412410080e+08	-2.828456639999999922e+01
1.912912912912909985e+08	-2.827860267000000150e+01
1.913413413413409889e+08	-2.825803038000000100e+01
1.913913913913910091e+08	-2.827144386000000154e+01
1.914414414414409995e+08	-2.831426691000000062e+01
1.914914914914909899e+08	-2.827014991000000066e+01
1.915415415415419936e+08	-2.827189233000000002e+01
1.915915915915920138e+08	-2.829275563999999932e+01
1.916416416416420043e+08	-2.829428031000000132e+01
1.916916916916919947e+08	-2.832153719000000081e+01
1.917417417417420149e+08	-2.831198934000000023e+01
1.917917917917920053e+08	-2.833234596000000138e+01
1.918418418418419957e+08	-2.831260613999999975e+01
1.918918918918919861e+08	-2.830896059999999892e+01
1.919419419419420063e+08	-2.833927140000000122e+01
1.919919919919919968e+08	-2.837030113000000142e+01
1.920420420420419872e+08	-2.836002467000000138e+01
1.920920920920920074e+08	-2.836687185999999983e+01
1.921421421421419978e+08	-2.826724119000000002e+01
1.921921921921919882e+08	-2.832638049999999907e+01
1.922422422422420084e+08	-2.835463617999999997e+01
1.922922922922919989e+08	-2.834989321999999845e+01
1.923423423423419893e+08	-2.836637431999999848e+01
1.923923923923920095e+08	-2.837780108999999840e+01
1.924424424424419999e+08	-2.834868901999999835e+01
1.924924924924919903e+08	-2.837260009999999966e+01
1.925425425425429940e+08	-2.833862438999999966e+01
1.925925925925930142e+08	-2.834877356999999876e+01
1.926426426426430047e+08	-2.837238274999999987e+01
1.926926926926929951e+08	-2.835448395999999960e+01
1.927427427427429855e+08	-2.837615638000000118e+01
1.927927927927930057e+08	-2.838805860000000081e+01
1.928428428428429961e+08	-2.840789742999999845e+01
1.928928928928929865e+08	-2.838460574000000136e+01
1.929429429429430068e+08	-2.838925077000000030e+01
1.929929929929929972e+08	-2.839469181999999847e+01
1.930430430430429876e+08	-2.838767800000000108e+01
1.930930930930930078e+08	-2.843960341000000014e+01
1.931431431431429982e+08	-2.842002689999999987e+01
1.931931931931929886e+08	-2.842050361000000080e+01
1.932432432432430089e+08	-2.841639182999999846e+01
1.932932932932929993e+08	-2.840598364999999959e+01
1.933433433433429897e+08	-2.840178832999999869e+01
1.933933933933930099e+08	-2.842248567000000037e+01
1.934434434434430003e+08	-2.844063577000000009e+01
1.934934934934929907e+08	-2.845147389999999987e+01
1.935435435435439944e+08	-2.843018152999999870e+01
1.935935935935940146e+08	-2.840758183999999886e+01
1.936436436436440051e+08	-2.844965501000000074e+01
1.936936936936939955e+08	-2.843080631999999852e+01
1.937437437437439859e+08	-2.843940122000000059e+01
1.937937937937940061e+08	-2.842316304999999943e+01
1.938438438438439965e+08	-2.844107478999999827e+01
1.938938938938939869e+08	-2.840150120999999928e+01
1.939439439439440072e+08	-2.841880143999999930e+01
1.939939939939939976e+08	-2.848563426999999848e+01
1.940440440440439880e+08	-2.846885848999999880e+01
1.940940940940940082e+08	-2.844402801000000025e+01
1.941441441441439986e+08	-2.845592118000000070e+01
1.941941941941939890e+08	-2.848025675999999962e+01
1.942442442442440093e+08	-2.844066692999999901e+01
1.942942942942939997e+08	-2.846517172000000073e+01
1.943443443443439901e+08	-2.845522288000000088e+01
1.943943943943940103e+08	-2.849168844000000078e+01
1.944444444444440007e+08	-2.845217685000000074e+01
1.944944944944939911e+08	-2.851068427999999955e+01
1.945445445445449948e+08	-2.843686728999999858e+01
1.945945945945949852e+08	-2.847200192000000030e+01
1.946446446446450055e+08	-2.847283257000000134e+01
1.946946946946949959e+08	-2.846369521000000091e+01
1.947447447447449863e+08	-2.850057780999999935e+01
1.947947947947950065e+08	-2.850041403999999901e+01
1.948448448448449969e+08	-2.844956834999999984e+01
1.948948948948949873e+08	-2.850418992000000173e+01
1.949449449449450076e+08	-2.845540864000000170e+01
1.949949949949949980e+08	-2.849795811999999984e+01
1.950450450450449884e+08	-2.845963826999999924e+01
1.950950950950950086e+08	-2.849269718000000040e+01
1.951451451451449990e+08	-2.848639939999999982e+01
1.951951951951949894e+08	-2.850271722999999824e+01
1.952452452452450097e+08	-2.851954295999999900e+01
1.952952952952950001e+08	-2.848478975000000091e+01
1.953453453453449905e+08	-2.851184001000000023e+01
1.953953953953950107e+08	-2.848592449999999943e+01
1.954454454454450011e+08	-2.850754372000000103e+01
1.954954954954949915e+08	-2.851450247000000005e+01
1.955455455455459952e+08	-2.855331460000000021e+01
1.955955955955959857e+08	-2.846662962999999991e+01
1.956456456456460059e+08	-2.847935075999999910e+01
1.956956956956959963e+08	-2.850235291999999987e+01
1.957457457457459867e+08	-2.850814354999999978e+01
1.957957957957960069e+08	-2.849684010000000001e+01
1.958458458458459973e+08	-2.849966071000000056e+01
1.958958958958959877e+08	-2.847496263000000027e+01
1.959459459459460080e+08	-2.849291987000000148e+01
1.959959959959959984e+08	-2.847928852000000077e+01
1.960460460460459888e+08	-2.849509730000000118e+01
1.960960960960960090e+08	-2.853165532999999954e+01
1.961461461461459994e+08	-2.851509955999999946e+01
1.961961961961959898e+08	-2.850524267999999850e+01
1.962462462462460101e+08	-2.849560868000000013e+01
1.962962962962960005e+08	-2.850098090999999911e+01
1.963463463463459909e+08	-2.850894059999999897e+01
1.963963963963960111e+08	-2.848672631999999894e+01
1.964464464464460015e+08	-2.842788622000000132e+01
1.964964964964959919e+08	-2.843381262999999848e+01
1.965465465465469956e+08	-2.849316917999999887e+01
1.965965965965969861e+08	-2.849816167999999905e+01
1.966466466466470063e+08	-2.849842070000000049e+01
1.966966966966969967e+08	-2.849860140999999913e+01
1.967467467467469871e+08	-2.846661296999999990e+01
1.967967967967970073e+08	-2.847081675000000089e+01
1.968468468468469977e+08	-2.850187139999999886e+01
1.968968968968969882e+08	-2.846114740000000154e+01
1.969469469469470084e+08	-2.852159467999999976e+01
1.969969969969969988e+08	-2.854110483999999914e+01
1.970470470470469892e+08	-2.846085099000000085e+01
1.970970970970970094e+08	-2.848959261999999981e+01
1.971471471471469998e+08	-2.849486074000000002e+01
1.971971971971969903e+08	-2.848296768999999884e+01
1.972472472472470105e+08	-2.847322696999999891e+01
1.972972972972970009e+08	-2.850038543999999874e+01
1.973473473473469913e+08	-2.847514924000000036e+01
1.973973973973970115e+08	-2.854214710000000110e+01
1.974474474474470019e+08	-2.853365263999999968e+01
1.974974974974969923e+08	-2.849514170000000135e+01
1.975475475475479960e+08	-2.848006159999999909e+01
1.975975975975979865e+08	-2.848834924000000157e+01
1.976476476476480067e+08	-2.845991056000000086e+01
1.976976976976979971e+08	-2.845955889000000028e+01
1.977477477477479875e+08	-2.846497670000000113e+01
1.977977977977980077e+08	-2.853390826000000047e+01
1.978478478478479981e+08	-2.845902608999999828e+01
1.978978978978979886e+08	-2.848572054999999992e+01
1.979479479479480088e+08	-2.848828918999999971e+01
1.979979979979979992e+08	-2.852398901000000109e+01
1.980480480480479896e+08	-2.852563226999999912e+01
1.980980980980980098e+08	-2.845373900999999961e+01
1.981481481481480002e+08	-2.848238024000000124e+01
1.981981981981979907e+08	-2.846725980000000078e+01
1.982482482482480109e+08	-2.848473768999999933e+01
1.982982982982980013e+08	-2.847454412000000090e+01
1.983483483483479917e+08	-2.850199732000000097e+01
1.983983983983980119e+08	-2.845856008999999887e+01
1.984484484484480023e+08	-2.843919793999999968e+01
1.984984984984979928e+08	-2.845709967999999890e+01
1.985485485485489964e+08	-2.848161530000000141e+01
1.985985985985989869e+08	-2.845786084999999943e+01
1.986486486486490071e+08	-2.843581393999999918e+01
1.986986986986989975e+08	-2.844302371999999934e+01
1.987487487487489879e+08	-2.842025671000000031e+01
1.987987987987990081e+08	-2.848136653999999979e+01
1.988488488488489985e+08	-2.842419871999999970e+01
1.988988988988989890e+08	-2.843579993000000172e+01
1.989489489489490092e+08	-2.843942664000000065e+01
1.989989989989989996e+08	-2.843003863999999936e+01
1.990490490490489900e+08	-2.840712794999999957e+01
1.990990990990990102e+08	-2.844724980999999886e+01
1.991491491491490006e+08	-2.842778578000000067e+01
1.991991991991989911e+08	-2.838017999999999930e+01
1.992492492492490113e+08	-2.840489097000000029e+01
1.992992992992990017e+08	-2.841075946000000130e+01
1.993493493493489921e+08	-2.848202033000000100e+01
1.993993993993990123e+08	-2.846125999999999934e+01
1.994494494494490027e+08	-2.837502484999999908e+01
1.994994994994989932e+08	-2.844706700000000055e+01
1.995495495495499969e+08	-2.844419698999999824e+01
1.995995995995999873e+08	-2.844193672000000106e+01
1.996496496496500075e+08	-2.838625117000000131e+01
1.996996996996999979e+08	-2.842806820999999928e+01
1.997497497497499883e+08	-2.837120678000000140e+01
1.997997997998000085e+08	-2.840578638999999939e+01
1.998498498498499990e+08	-2.838170580999999970e+01
1.998998998998999894e+08	-2.839200590000000091e+01
1.999499499499500096e+08	-2.837132314000000122e+01
2.000000000000000000e+08	-2.842906398999999951e+01
