# X 	 Y
1.500000000000000000e+08	-3.014415110999999925e+01
1.500500500500499904e+08	-3.012720163999999912e+01
1.501001001001000106e+08	-3.016399177999999992e+01
1.501501501501500010e+08	-3.010836623999999873e+01
1.502002002001999915e+08	-3.005662364999999880e+01
1.502502502502500117e+08	-3.003783387000000005e+01
1.503003003003000021e+08	-3.013134052999999923e+01
1.503503503503499925e+08	-3.009385655000000170e+01
1.504004004004000127e+08	-3.013178994000000088e+01
1.504504504504500031e+08	-3.014264225000000152e+01
1.505005005005010068e+08	-3.004720555999999831e+01
1.505505505505509973e+08	-2.999418464000000029e+01
1.506006006006009877e+08	-2.997872252000000159e+01
1.506506506506510079e+08	-2.998955082999999888e+01
1.507007007007009983e+08	-3.001863301999999933e+01
1.507507507507509887e+08	-3.006912846000000172e+01
1.508008008008010089e+08	-2.990025183999999925e+01
1.508508508508509994e+08	-2.996030813999999864e+01
1.509009009009009898e+08	-3.003939992999999831e+01
1.509509509509510100e+08	-2.987415048000000084e+01
1.510010010010010004e+08	-2.988593789999999828e+01
1.510510510510509908e+08	-2.991435729999999893e+01
1.511011011011010110e+08	-2.995041249999999877e+01
1.511511511511510015e+08	-2.993899031000000122e+01
1.512012012012009919e+08	-2.992129338000000160e+01
1.512512512512510121e+08	-2.993839266000000165e+01
1.513013013013010025e+08	-2.979327269999999928e+01
1.513513513513509929e+08	-2.996776981000000006e+01
1.514014014014010131e+08	-2.989840605999999923e+01
1.514514514514510036e+08	-2.992752472999999824e+01
1.515015015015020072e+08	-2.977360699999999838e+01
1.515515515515519977e+08	-2.992425507000000096e+01
1.516016016016019881e+08	-2.980237947999999903e+01
1.516516516516520083e+08	-2.971062191000000041e+01
1.517017017017019987e+08	-2.975280619000000115e+01
1.517517517517519891e+08	-2.979339317999999892e+01
1.518018018018020093e+08	-2.975258287000000124e+01
1.518518518518519998e+08	-2.986989928999999933e+01
1.519019019019019902e+08	-2.982468751000000040e+01
1.519519519519520104e+08	-2.977506896999999952e+01
1.520020020020020008e+08	-2.976033838000000031e+01
1.520520520520519912e+08	-2.973518530999999854e+01
1.521021021021020114e+08	-2.973487640000000098e+01
1.521521521521520019e+08	-2.964989777999999987e+01
1.522022022022019923e+08	-2.979622338000000070e+01
1.522522522522520125e+08	-2.971279498999999902e+01
1.523023023023020029e+08	-2.973974729000000039e+01
1.523523523523519933e+08	-2.971213301999999956e+01
1.524024024024020135e+08	-2.965397614999999831e+01
1.524524524524520040e+08	-2.965661581000000169e+01
1.525025025025030077e+08	-2.973462108000000015e+01
1.525525525525529981e+08	-2.968121457000000163e+01
1.526026026026029885e+08	-2.966900774000000141e+01
1.526526526526530087e+08	-2.955407472999999996e+01
1.527027027027029991e+08	-2.957283057000000071e+01
1.527527527527529895e+08	-2.964758657000000142e+01
1.528028028028030097e+08	-2.960170185000000131e+01
1.528528528528530002e+08	-2.958867161999999951e+01
1.529029029029029906e+08	-2.962621517999999909e+01
1.529529529529530108e+08	-2.947408422999999900e+01
1.530030030030030012e+08	-2.951096516000000136e+01
1.530530530530529916e+08	-2.957882023000000160e+01
1.531031031031030118e+08	-2.949212062999999873e+01
1.531531531531530023e+08	-2.944248215000000002e+01
1.532032032032029927e+08	-2.949954022000000009e+01
1.532532532532530129e+08	-2.953113558000000083e+01
1.533033033033030033e+08	-2.947901390000000177e+01
1.533533533533529937e+08	-2.941268390999999838e+01
1.534034034034030139e+08	-2.936404183000000145e+01
1.534534534534530044e+08	-2.942920202999999901e+01
1.535035035035040081e+08	-2.942218577999999951e+01
1.535535535535539985e+08	-2.937183870999999868e+01
1.536036036036039889e+08	-2.937672775000000058e+01
1.536536536536540091e+08	-2.933918886000000015e+01
1.537037037037039995e+08	-2.938962147000000158e+01
1.537537537537539899e+08	-2.939960046999999932e+01
1.538038038038040102e+08	-2.931191348000000119e+01
1.538538538538540006e+08	-2.929678133999999901e+01
1.539039039039039910e+08	-2.928769362999999970e+01
1.539539539539540112e+08	-2.925973885000000152e+01
1.540040040040040016e+08	-2.920146194000000150e+01
1.540540540540539920e+08	-2.927501141999999845e+01
1.541041041041040123e+08	-2.930896376999999831e+01
1.541541541541540027e+08	-2.920785301000000089e+01
1.542042042042039931e+08	-2.913143254999999954e+01
1.542542542542540133e+08	-2.920978391999999957e+01
1.543043043043040037e+08	-2.917198446000000089e+01
1.543543543543539941e+08	-2.913852982999999952e+01
1.544044044044040143e+08	-2.912656368000000029e+01
1.544544544544540048e+08	-2.911478976000000074e+01
1.545045045045050085e+08	-2.910184439000000012e+01
1.545545545545549989e+08	-2.901273842999999886e+01
1.546046046046049893e+08	-2.902600707999999941e+01
1.546546546546550095e+08	-2.906490722999999932e+01
1.547047047047049999e+08	-2.897464058999999992e+01
1.547547547547549903e+08	-2.903888746999999881e+01
1.548048048048050106e+08	-2.897152047000000152e+01
1.548548548548550010e+08	-2.889907197000000139e+01
1.549049049049049914e+08	-2.890154006999999936e+01
1.549549549549550116e+08	-2.886513400999999845e+01
1.550050050050050020e+08	-2.896158468000000141e+01
1.550550550550549924e+08	-2.876059307999999959e+01
1.551051051051050127e+08	-2.881605108000000115e+01
1.551551551551550031e+08	-2.873048457000000155e+01
1.552052052052049935e+08	-2.871524491999999995e+01
1.552552552552550137e+08	-2.861257949999999894e+01
1.553053053053050041e+08	-2.866977757000000082e+01
1.553553553553549945e+08	-2.864863414999999947e+01
1.554054054054050148e+08	-2.855708337000000085e+01
1.554554554554550052e+08	-2.848177390000000031e+01
1.555055055055060089e+08	-2.846947379999999939e+01
1.555555555555559993e+08	-2.852120348000000050e+01
1.556056056056059897e+08	-2.846474826000000036e+01
1.556556556556560099e+08	-2.842954161000000113e+01
1.557057057057060003e+08	-2.835742244000000056e+01
1.557557557557559907e+08	-2.834235539000000159e+01
1.558058058058060110e+08	-2.829982989000000160e+01
1.558558558558560014e+08	-2.828726821000000058e+01
1.559059059059059918e+08	-2.819186626000000118e+01
1.559559559559560120e+08	-2.814519194000000013e+01
1.560060060060060024e+08	-2.811176093999999992e+01
1.560560560560559928e+08	-2.804823693000000162e+01
1.561061061061060131e+08	-2.803125241000000045e+01
1.561561561561560035e+08	-2.793832869999999957e+01
1.562062062062059939e+08	-2.794137420999999932e+01
1.562562562562560141e+08	-2.789299249000000103e+01
1.563063063063060045e+08	-2.784547534000000013e+01
1.563563563563559949e+08	-2.778538670000000010e+01
1.564064064064059854e+08	-2.768184957000000068e+01
1.564564564564560056e+08	-2.770638767999999885e+01
1.565065065065070093e+08	-2.763871577999999829e+01
1.565565565565569997e+08	-2.762684575999999836e+01
1.566066066066069901e+08	-2.749791036999999960e+01
1.566566566566570103e+08	-2.739883170999999962e+01
1.567067067067070007e+08	-2.740637385000000137e+01
1.567567567567569911e+08	-2.726591407000000089e+01
1.568068068068070114e+08	-2.714904983999999999e+01
1.568568568568570018e+08	-2.711285091999999963e+01
1.569069069069069922e+08	-2.703627188000000103e+01
1.569569569569570124e+08	-2.694772594000000154e+01
1.570070070070070028e+08	-2.686389868999999919e+01
1.570570570570569932e+08	-2.677242444000000177e+01
1.571071071071070135e+08	-2.670392623000000043e+01
1.571571571571570039e+08	-2.663424544000000083e+01
1.572072072072069943e+08	-2.657959526000000139e+01
1.572572572572570145e+08	-2.646281606999999880e+01
1.573073073073070049e+08	-2.642868530000000149e+01
1.573573573573569953e+08	-2.630199139999999858e+01
1.574074074074069858e+08	-2.621393680999999987e+01
1.574574574574570060e+08	-2.616675525000000135e+01
1.575075075075080097e+08	-2.609189399999999992e+01
1.575575575575580001e+08	-2.597418483999999950e+01
1.576076076076079905e+08	-2.587572078000000175e+01
1.576576576576580107e+08	-2.581835939999999852e+01
1.577077077077080011e+08	-2.573648332999999866e+01
1.577577577577579916e+08	-2.565258064000000005e+01
1.578078078078080118e+08	-2.562863414999999989e+01
1.578578578578580022e+08	-2.554746657000000098e+01
1.579079079079079926e+08	-2.556477577000000068e+01
1.579579579579580128e+08	-2.550078359000000106e+01
1.580080080080080032e+08	-2.554335074999999833e+01
1.580580580580579937e+08	-2.550798938999999876e+01
1.581081081081080139e+08	-2.551426666000000054e+01
1.581581581581580043e+08	-2.556345999999999918e+01
1.582082082082079947e+08	-2.559926786999999848e+01
1.582582582582579851e+08	-2.566793499999999995e+01
1.583083083083080053e+08	-2.581097464000000130e+01
1.583583583583579957e+08	-2.589405860999999831e+01
1.584084084084079862e+08	-2.602136318999999887e+01
1.584584584584580064e+08	-2.614874397000000172e+01
1.585085085085090101e+08	-2.631227210999999855e+01
1.585585585585590005e+08	-2.649184972999999843e+01
1.586086086086089909e+08	-2.664762393000000174e+01
1.586586586586590111e+08	-2.690019205999999841e+01
1.587087087087090015e+08	-2.708473169000000169e+01
1.587587587587589920e+08	-2.730892678000000018e+01
1.588088088088090122e+08	-2.755879090999999903e+01
1.588588588588590026e+08	-2.774583063000000038e+01
1.589089089089089930e+08	-2.798624816999999965e+01
1.589589589589590132e+08	-2.817253742999999844e+01
1.590090090090090036e+08	-2.837268219999999985e+01
1.590590590590589941e+08	-2.869659628000000140e+01
1.591091091091090143e+08	-2.888480996999999917e+01
1.591591591591590047e+08	-2.907735399999999970e+01
1.592092092092089951e+08	-2.924853252999999853e+01
1.592592592592589855e+08	-2.946204964000000004e+01
1.593093093093090057e+08	-2.973116720999999885e+01
1.593593593593589962e+08	-2.981369618000000088e+01
1.594094094094089866e+08	-3.001020730999999842e+01
1.594594594594590068e+08	-3.014442286999999965e+01
1.595095095095100105e+08	-3.028149222000000051e+01
1.595595595595600009e+08	-3.042249071999999899e+01
1.596096096096099913e+08	-3.049238414999999947e+01
1.596596596596600115e+08	-3.068237342000000112e+01
1.597097097097100019e+08	-3.080148810000000026e+01
1.597597597597599924e+08	-3.088367673000000124e+01
1.598098098098100126e+08	-3.094660018000000079e+01
1.598598598598600030e+08	-3.098082069999999888e+01
1.599099099099099934e+08	-3.106359832000000054e+01
1.599599599599600136e+08	-3.124802636000000078e+01
1.600100100100100040e+08	-3.134919952999999992e+01
1.600600600600599945e+08	-3.139787752999999881e+01
1.601101101101100147e+08	-3.135247700000000037e+01
1.601601601601600051e+08	-3.137538394999999980e+01
1.602102102102099955e+08	-3.152152214999999913e+01
1.602602602602599859e+08	-3.148351982999999876e+01
1.603103103103100061e+08	-3.145795882000000177e+01
1.603603603603599966e+08	-3.152711671999999865e+01
1.604104104104099870e+08	-3.165133130999999977e+01
1.604604604604600072e+08	-3.159521842999999919e+01
1.605105105105110109e+08	-3.167212930999999898e+01
1.605605605605610013e+08	-3.155457562000000138e+01
1.606106106106109917e+08	-3.165795754000000173e+01
1.606606606606610119e+08	-3.170796178999999881e+01
1.607107107107110023e+08	-3.153772924000000089e+01
1.607607607607609928e+08	-3.155241125999999952e+01
1.608108108108110130e+08	-3.159928468000000024e+01
1.608608608608610034e+08	-3.159210682000000148e+01
1.609109109109109938e+08	-3.160711274999999887e+01
1.609609609609610140e+08	-3.164890295000000009e+01
1.610110110110110044e+08	-3.156427842000000084e+01
1.610610610610609949e+08	-3.166671894999999992e+01
1.611111111111109853e+08	-3.156345403999999988e+01
1.611611611611610055e+08	-3.150195644000000073e+01
1.612112112112109959e+08	-3.148317720000000008e+01
1.612612612612609863e+08	-3.143997577000000021e+01
1.613113113113110065e+08	-3.151115130000000164e+01
1.613613613613609970e+08	-3.160816326000000132e+01
1.614114114114109874e+08	-3.148307610999999895e+01
1.614614614614610076e+08	-3.155836075999999935e+01
1.615115115115120113e+08	-3.150329505999999924e+01
1.615615615615620017e+08	-3.147715571999999895e+01
1.616116116116119921e+08	-3.140939343000000150e+01
1.616616616616620123e+08	-3.144148064999999903e+01
1.617117117117120028e+08	-3.138733059999999853e+01
1.617617617617619932e+08	-3.138575442999999865e+01
1.618118118118120134e+08	-3.132146393000000018e+01
1.618618618618620038e+08	-3.140941952000000015e+01
1.619119119119119942e+08	-3.130984326999999823e+01
1.619619619619620144e+08	-3.135432853000000009e+01
1.620120120120120049e+08	-3.125943094000000144e+01
1.620620620620619953e+08	-3.123774935999999869e+01
1.621121121121119857e+08	-3.129312082999999944e+01
1.621621621621620059e+08	-3.128783510999999962e+01
1.622122122122119963e+08	-3.120432630000000174e+01
1.622622622622619867e+08	-3.123109064999999873e+01
1.623123123123120070e+08	-3.123643679999999989e+01
1.623623623623619974e+08	-3.122676016000000132e+01
1.624124124124119878e+08	-3.119541569000000081e+01
1.624624624624620080e+08	-3.115079336000000154e+01
1.625125125125130117e+08	-3.115275635000000065e+01
1.625625625625630021e+08	-3.104072121999999823e+01
1.626126126126129925e+08	-3.112666288999999864e+01
1.626626626626630127e+08	-3.098239141999999902e+01
1.627127127127130032e+08	-3.101846473999999887e+01
1.627627627627629936e+08	-3.108541341999999830e+01
1.628128128128130138e+08	-3.100761693999999835e+01
1.628628628628630042e+08	-3.113244071000000091e+01
1.629129129129129946e+08	-3.093848450999999855e+01
1.629629629629630148e+08	-3.089472144999999870e+01
1.630130130130130053e+08	-3.086753141999999883e+01
1.630630630630629957e+08	-3.101370062000000161e+01
1.631131131131129861e+08	-3.088868506000000025e+01
1.631631631631630063e+08	-3.091125013999999993e+01
1.632132132132129967e+08	-3.094542819999999850e+01
1.632632632632629871e+08	-3.087589393000000015e+01
1.633133133133130074e+08	-3.087583370000000116e+01
1.633633633633629978e+08	-3.090905628000000149e+01
1.634134134134129882e+08	-3.092067318000000142e+01
1.634634634634630084e+08	-3.092888397000000111e+01
1.635135135135140121e+08	-3.081539276999999899e+01
1.635635635635640025e+08	-3.078952639999999974e+01
1.636136136136139929e+08	-3.086688386999999878e+01
1.636636636636640131e+08	-3.081116559000000166e+01
1.637137137137140036e+08	-3.074953870999999950e+01
1.637637637637639940e+08	-3.081447205999999994e+01
1.638138138138140142e+08	-3.076284847999999883e+01
1.638638638638640046e+08	-3.071093291000000036e+01
1.639139139139139950e+08	-3.088190701999999987e+01
1.639639639639639854e+08	-3.076549985000000120e+01
1.640140140140140057e+08	-3.079125239000000036e+01
1.640640640640639961e+08	-3.073287467000000106e+01
1.641141141141139865e+08	-3.072296144999999967e+01
1.641641641641640067e+08	-3.077060717999999895e+01
1.642142142142139971e+08	-3.069162013000000044e+01
1.642642642642639875e+08	-3.082342188000000149e+01
1.643143143143140078e+08	-3.082646357000000137e+01
1.643643643643639982e+08	-3.076647548000000043e+01
1.644144144144139886e+08	-3.080140274000000034e+01
1.644644644644640088e+08	-3.075288478999999953e+01
1.645145145145150125e+08	-3.087424176000000031e+01
1.645645645645650029e+08	-3.080327727999999965e+01
1.646146146146149933e+08	-3.077055499000000083e+01
1.646646646646650136e+08	-3.074937047999999962e+01
1.647147147147150040e+08	-3.082157525999999947e+01
1.647647647647649944e+08	-3.093127117999999953e+01
1.648148148148150146e+08	-3.100501693000000003e+01
1.648648648648650050e+08	-3.095208000999999953e+01
1.649149149149149954e+08	-3.105177150999999824e+01
1.649649649649649858e+08	-3.084927954000000128e+01
1.650150150150150061e+08	-3.106747670000000028e+01
1.650650650650649965e+08	-3.106726575000000068e+01
1.651151151151149869e+08	-3.098051375000000007e+01
1.651651651651650071e+08	-3.102057458000000167e+01
1.652152152152149975e+08	-3.103141387999999878e+01
1.652652652652649879e+08	-3.115981067999999965e+01
1.653153153153150082e+08	-3.114027181999999883e+01
1.653653653653649986e+08	-3.115013588000000055e+01
1.654154154154149890e+08	-3.120374075999999874e+01
1.654654654654650092e+08	-3.131149441000000166e+01
1.655155155155160129e+08	-3.131977599000000012e+01
1.655655655655660033e+08	-3.129037132999999926e+01
1.656156156156159937e+08	-3.145232808000000091e+01
1.656656656656660140e+08	-3.130490409000000085e+01
1.657157157157160044e+08	-3.151706851999999870e+01
1.657657657657659948e+08	-3.156836261999999849e+01
1.658158158158159852e+08	-3.152743468999999976e+01
1.658658658658660054e+08	-3.173894496000000132e+01
1.659159159159159958e+08	-3.172764344000000136e+01
1.659659659659659863e+08	-3.188338385999999858e+01
1.660160160160160065e+08	-3.190905648000000028e+01
1.660660660660659969e+08	-3.190502306000000132e+01
1.661161161161159873e+08	-3.198760728999999969e+01
1.661661661661660075e+08	-3.206214938000000103e+01
1.662162162162159979e+08	-3.223768962999999843e+01
1.662662662662659883e+08	-3.219643323999999751e+01
1.663163163163160086e+08	-3.233526180999999866e+01
1.663663663663659990e+08	-3.245413719999999813e+01
1.664164164164159894e+08	-3.254720722999999794e+01
1.664664664664660096e+08	-3.275209221000000070e+01
1.665165165165170133e+08	-3.280614707000000152e+01
1.665665665665670037e+08	-3.284278352999999839e+01
1.666166166166169941e+08	-3.289715396999999797e+01
1.666666666666670144e+08	-3.294294090000000352e+01
1.667167167167170048e+08	-3.316551137999999810e+01
1.667667667667669952e+08	-3.329391576999999813e+01
1.668168168168169856e+08	-3.362963186999999721e+01
1.668668668668670058e+08	-3.352989172000000195e+01
1.669169169169169962e+08	-3.369077086000000065e+01
1.669669669669669867e+08	-3.388015095000000088e+01
1.670170170170170069e+08	-3.403642023999999822e+01
1.670670670670669973e+08	-3.428464324000000119e+01
1.671171171171169877e+08	-3.448204559999999930e+01
1.671671671671670079e+08	-3.466352488999999792e+01
1.672172172172169983e+08	-3.475019850999999704e+01
1.672672672672669888e+08	-3.506683318000000327e+01
1.673173173173170090e+08	-3.501582836000000043e+01
1.673673673673669994e+08	-3.526106775000000226e+01
1.674174174174169898e+08	-3.544581477999999919e+01
1.674674674674670100e+08	-3.577014953999999847e+01
1.675175175175180137e+08	-3.603913358999999872e+01
1.675675675675680041e+08	-3.633102070000000339e+01
1.676176176176179945e+08	-3.651032252000000256e+01
1.676676676676680148e+08	-3.663559851000000123e+01
1.677177177177180052e+08	-3.678812991000000210e+01
1.677677677677679956e+08	-3.734858235000000093e+01
1.678178178178179860e+08	-3.730921547999999888e+01
1.678678678678680062e+08	-3.783838211999999857e+01
1.679179179179179966e+08	-3.816778467000000319e+01
1.679679679679679871e+08	-3.831986095999999975e+01
1.680180180180180073e+08	-3.866798542000000083e+01
1.680680680680679977e+08	-3.892359600999999714e+01
1.681181181181179881e+08	-3.937489506000000006e+01
1.681681681681680083e+08	-4.004694495999999759e+01
1.682182182182179987e+08	-4.035606137999999987e+01
1.682682682682679892e+08	-4.041944230000000005e+01
1.683183183183180094e+08	-4.078168533000000195e+01
1.683683683683679998e+08	-4.126028828999999831e+01
1.684184184184179902e+08	-4.211495544000000280e+01
1.684684684684680104e+08	-4.244391007000000116e+01
1.685185185185190141e+08	-4.294940367000000236e+01
1.685685685685690045e+08	-4.286021326000000187e+01
1.686186186186189950e+08	-4.391923094999999932e+01
1.686686686686689854e+08	-4.432385493999999682e+01
1.687187187187190056e+08	-4.499524441999999880e+01
1.687687687687689960e+08	-4.581389435999999904e+01
1.688188188188189864e+08	-4.602101013000000052e+01
1.688688688688690066e+08	-4.628277383999999728e+01
1.689189189189189970e+08	-4.637033768999999950e+01
1.689689689689689875e+08	-4.710870970999999940e+01
1.690190190190190077e+08	-4.736650829999999956e+01
1.690690690690689981e+08	-4.789274072999999987e+01
1.691191191191189885e+08	-4.770816542000000027e+01
1.691691691691690087e+08	-4.739960571000000300e+01
1.692192192192189991e+08	-4.775927452999999900e+01
1.692692692692689896e+08	-4.715815990000000113e+01
1.693193193193190098e+08	-4.687990657000000283e+01
1.693693693693690002e+08	-4.638806651000000159e+01
1.694194194194189906e+08	-4.593751190999999778e+01
1.694694694694690108e+08	-4.563121510999999941e+01
1.695195195195200145e+08	-4.492999873000000122e+01
1.695695695695700049e+08	-4.464356760999999807e+01
1.696196196196199954e+08	-4.404837587000000099e+01
1.696696696696699858e+08	-4.344186440000000005e+01
1.697197197197200060e+08	-4.332568613000000113e+01
1.697697697697699964e+08	-4.282223711000000321e+01
1.698198198198199868e+08	-4.255308809999999653e+01
1.698698698698700070e+08	-4.181582677000000103e+01
1.699199199199199975e+08	-4.159247197999999912e+01
1.699699699699699879e+08	-4.114081379999999655e+01
1.700200200200200081e+08	-4.056105946999999645e+01
1.700700700700699985e+08	-4.038305674000000067e+01
1.701201201201199889e+08	-4.019218483000000219e+01
1.701701701701700091e+08	-3.959332399000000180e+01
1.702202202202199996e+08	-3.976386819999999744e+01
1.702702702702699900e+08	-3.915959758999999707e+01
1.703203203203200102e+08	-3.879235914000000207e+01
1.703703703703700006e+08	-3.868037367000000160e+01
1.704204204204199910e+08	-3.834426502000000170e+01
1.704704704704700112e+08	-3.797726555999999931e+01
1.705205205205209851e+08	-3.787324188000000191e+01
1.705705705705710053e+08	-3.756639048000000258e+01
1.706206206206209958e+08	-3.745786805000000186e+01
1.706706706706709862e+08	-3.690827117999999984e+01
1.707207207207210064e+08	-3.694915998999999829e+01
1.707707707707709968e+08	-3.664982088000000005e+01
1.708208208208209872e+08	-3.641742021999999679e+01
1.708708708708710074e+08	-3.636813085000000001e+01
1.709209209209209979e+08	-3.603789525999999910e+01
1.709709709709709883e+08	-3.605172922999999940e+01
1.710210210210210085e+08	-3.573759434000000113e+01
1.710710710710709989e+08	-3.552614255000000298e+01
1.711211211211209893e+08	-3.553667319000000191e+01
1.711711711711710095e+08	-3.541174088000000353e+01
1.712212212212210000e+08	-3.519785155999999660e+01
1.712712712712709904e+08	-3.500821469000000263e+01
1.713213213213210106e+08	-3.487312208000000169e+01
1.713713713713710010e+08	-3.458286217999999934e+01
1.714214214214209914e+08	-3.451392350999999792e+01
1.714714714714710116e+08	-3.452694666000000012e+01
1.715215215215219855e+08	-3.429731535999999892e+01
1.715715715715720057e+08	-3.427841006999999962e+01
1.716216216216219962e+08	-3.416548405999999716e+01
1.716716716716719866e+08	-3.397112494999999655e+01
1.717217217217220068e+08	-3.378986557999999718e+01
1.717717717717719972e+08	-3.378453637999999870e+01
1.718218218218219876e+08	-3.366525836999999655e+01
1.718718718718720078e+08	-3.353103546999999907e+01
1.719219219219219983e+08	-3.343370519999999857e+01
1.719719719719719887e+08	-3.342552476000000183e+01
1.720220220220220089e+08	-3.326207283000000103e+01
1.720720720720719993e+08	-3.328727425000000295e+01
1.721221221221219897e+08	-3.302740911000000068e+01
1.721721721721720099e+08	-3.311617197000000345e+01
1.722222222222220004e+08	-3.303286898999999721e+01
1.722722722722719908e+08	-3.279114635999999905e+01
1.723223223223220110e+08	-3.277817610000000315e+01
1.723723723723720014e+08	-3.268108409999999964e+01
1.724224224224219918e+08	-3.261918925999999885e+01
1.724724724724720120e+08	-3.259327548000000263e+01
1.725225225225229859e+08	-3.245798205999999908e+01
1.725725725725730062e+08	-3.255647794000000061e+01
1.726226226226229966e+08	-3.230275443000000024e+01
1.726726726726729870e+08	-3.237355268999999680e+01
1.727227227227230072e+08	-3.220023350000000306e+01
1.727727727727729976e+08	-3.215856519999999819e+01
1.728228228228229880e+08	-3.208364174999999818e+01
1.728728728728730083e+08	-3.196447809000000007e+01
1.729229229229229987e+08	-3.199582682000000133e+01
1.729729729729729891e+08	-3.178900926000000027e+01
1.730230230230230093e+08	-3.174214364999999916e+01
1.730730730730729997e+08	-3.180224107000000089e+01
1.731231231231229901e+08	-3.167552206999999953e+01
1.731731731731730103e+08	-3.171096796999999867e+01
1.732232232232230008e+08	-3.163390687000000057e+01
1.732732732732729912e+08	-3.156325478000000118e+01
1.733233233233230114e+08	-3.147332938999999996e+01
1.733733733733730018e+08	-3.155486418999999998e+01
1.734234234234229922e+08	-3.140523008999999988e+01
1.734734734734730124e+08	-3.133315504000000118e+01
1.735235235235239863e+08	-3.130992468999999900e+01
1.735735735735740066e+08	-3.118274651999999847e+01
1.736236236236239970e+08	-3.117089366000000084e+01
1.736736736736739874e+08	-3.126625688000000025e+01
1.737237237237240076e+08	-3.107835056000000051e+01
1.737737737737739980e+08	-3.121429191000000003e+01
1.738238238238239884e+08	-3.107504132000000041e+01
1.738738738738740087e+08	-3.110460524000000149e+01
1.739239239239239991e+08	-3.101601548000000008e+01
1.739739739739739895e+08	-3.090888531999999955e+01
1.740240240240240097e+08	-3.098430392999999938e+01
1.740740740740740001e+08	-3.088625193000000024e+01
1.741241241241239905e+08	-3.084205786000000060e+01
1.741741741741740108e+08	-3.086395766000000052e+01
1.742242242242240012e+08	-3.086316357999999838e+01
1.742742742742739916e+08	-3.076489043000000123e+01
1.743243243243240118e+08	-3.073979592999999966e+01
1.743743743743740022e+08	-3.066035679000000158e+01
1.744244244244239926e+08	-3.062793655000000115e+01
1.744744744744740129e+08	-3.071846504999999894e+01
1.745245245245249867e+08	-3.064132624999999877e+01
1.745745745745750070e+08	-3.047570454999999967e+01
1.746246246246249974e+08	-3.050654022000000154e+01
1.746746746746749878e+08	-3.043291582999999889e+01
1.747247247247250080e+08	-3.041938490000000073e+01
1.747747747747749984e+08	-3.048672923000000168e+01
1.748248248248249888e+08	-3.032586721999999924e+01
1.748748748748750091e+08	-3.038075462999999843e+01
1.749249249249249995e+08	-3.037365881999999928e+01
1.749749749749749899e+08	-3.031019487000000012e+01
1.750250250250250101e+08	-3.029555179999999837e+01
1.750750750750750005e+08	-3.030036632999999924e+01
1.751251251251249909e+08	-3.028687289999999876e+01
1.751751751751750112e+08	-3.031309759000000170e+01
1.752252252252250016e+08	-3.022322665000000086e+01
1.752752752752749920e+08	-3.013252492000000160e+01
1.753253253253250122e+08	-3.009659157999999834e+01
1.753753753753750026e+08	-3.010535713000000158e+01
1.754254254254249930e+08	-3.015967347999999859e+01
1.754754754754750133e+08	-3.008169385000000062e+01
1.755255255255259871e+08	-3.001789106000000018e+01
1.755755755755760074e+08	-3.002205920999999833e+01
1.756256256256259978e+08	-3.000922660000000164e+01
1.756756756756759882e+08	-2.997505311999999833e+01
1.757257257257260084e+08	-2.993738820000000089e+01
1.757757757757759988e+08	-2.995473653999999897e+01
1.758258258258259892e+08	-2.982931543000000119e+01
1.758758758758760095e+08	-2.976568360999999996e+01
1.759259259259259999e+08	-2.983628132999999849e+01
1.759759759759759903e+08	-2.987367584000000065e+01
1.760260260260260105e+08	-2.978985398000000018e+01
1.760760760760760009e+08	-2.984731466999999938e+01
1.761261261261259913e+08	-2.978130774999999986e+01
1.761761761761760116e+08	-2.980504111999999850e+01
1.762262262262260020e+08	-2.974104974000000112e+01
1.762762762762759924e+08	-2.962560674999999932e+01
1.763263263263260126e+08	-2.965190129999999868e+01
1.763763763763760030e+08	-2.967207439999999963e+01
1.764264264264259934e+08	-2.957178328999999906e+01
1.764764764764760137e+08	-2.955557501999999914e+01
1.765265265265269876e+08	-2.958969941999999875e+01
1.765765765765770078e+08	-2.961013558999999873e+01
1.766266266266269982e+08	-2.950094250000000073e+01
1.766766766766769886e+08	-2.964077302999999830e+01
1.767267267267270088e+08	-2.950652935999999826e+01
1.767767767767769992e+08	-2.951987212999999954e+01
1.768268268268269897e+08	-2.954894907999999987e+01
1.768768768768770099e+08	-2.951625552000000141e+01
1.769269269269270003e+08	-2.940322463000000042e+01
1.769769769769769907e+08	-2.946192768999999956e+01
1.770270270270270109e+08	-2.943649757000000022e+01
1.770770770770770013e+08	-2.931746670000000066e+01
1.771271271271269917e+08	-2.936840218000000036e+01
1.771771771771770120e+08	-2.928993597999999920e+01
1.772272272272270024e+08	-2.936901712999999958e+01
1.772772772772769928e+08	-2.927691830999999922e+01
1.773273273273270130e+08	-2.926253260000000012e+01
1.773773773773770034e+08	-2.934357493999999988e+01
1.774274274274269938e+08	-2.931165992000000031e+01
1.774774774774770141e+08	-2.925808766000000105e+01
1.775275275275279880e+08	-2.918880348000000069e+01
1.775775775775780082e+08	-2.923256173000000047e+01
1.776276276276279986e+08	-2.922108739000000099e+01
1.776776776776779890e+08	-2.921023993000000019e+01
1.777277277277280092e+08	-2.915427363999999955e+01
1.777777777777779996e+08	-2.919736136999999943e+01
1.778278278278279901e+08	-2.914656386000000055e+01
1.778778778778780103e+08	-2.909708528000000172e+01
1.779279279279280007e+08	-2.910363428999999869e+01
1.779779779779779911e+08	-2.906288217999999901e+01
1.780280280280280113e+08	-2.905305809000000039e+01
1.780780780780780017e+08	-2.905056876000000088e+01
1.781281281281279922e+08	-2.905149468999999840e+01
1.781781781781780124e+08	-2.903257842000000011e+01
1.782282282282280028e+08	-2.898307063000000028e+01
1.782782782782779932e+08	-2.903410360999999895e+01
1.783283283283280134e+08	-2.898482204000000095e+01
1.783783783783780038e+08	-2.894892935000000023e+01
1.784284284284279943e+08	-2.896360320999999871e+01
1.784784784784780145e+08	-2.887335161000000028e+01
1.785285285285289884e+08	-2.895425227999999862e+01
1.785785785785790086e+08	-2.891216955000000155e+01
1.786286286286289990e+08	-2.885846529999999888e+01
1.786786786786789894e+08	-2.889517722000000077e+01
1.787287287287290096e+08	-2.884034597999999860e+01
1.787787787787790000e+08	-2.879861836999999980e+01
1.788288288288289905e+08	-2.882036079999999956e+01
1.788788788788790107e+08	-2.876923160999999851e+01
1.789289289289290011e+08	-2.881011936000000162e+01
1.789789789789789915e+08	-2.882468635000000035e+01
1.790290290290290117e+08	-2.868463172999999955e+01
1.790790790790790021e+08	-2.877631384000000025e+01
1.791291291291289926e+08	-2.872131561999999860e+01
1.791791791791790128e+08	-2.871728388000000010e+01
1.792292292292290032e+08	-2.873290951999999976e+01
1.792792792792789936e+08	-2.867676121999999950e+01
1.793293293293290138e+08	-2.872411572000000035e+01
1.793793793793790042e+08	-2.863781888000000109e+01
1.794294294294289947e+08	-2.864266161000000110e+01
1.794794794794790149e+08	-2.869870372999999830e+01
1.795295295295299888e+08	-2.859189645000000013e+01
1.795795795795800090e+08	-2.863786063999999953e+01
1.796296296296299994e+08	-2.857493339999999904e+01
1.796796796796799898e+08	-2.861163974000000110e+01
1.797297297297300100e+08	-2.858087997999999885e+01
1.797797797797800004e+08	-2.851673335999999992e+01
1.798298298298299909e+08	-2.856671427999999935e+01
1.798798798798800111e+08	-2.854031331999999921e+01
1.799299299299300015e+08	-2.852486684000000139e+01
1.799799799799799919e+08	-2.850040720999999877e+01
1.800300300300300121e+08	-2.847430895999999834e+01
1.800800800800800025e+08	-2.844361673999999951e+01
1.801301301301299930e+08	-2.852629243999999886e+01
1.801801801801800132e+08	-2.844269066000000024e+01
1.802302302302300036e+08	-2.846969444999999865e+01
1.802802802802799940e+08	-2.844892343000000068e+01
1.803303303303300142e+08	-2.838833368999999962e+01
1.803803803803800046e+08	-2.844356708999999839e+01
1.804304304304299951e+08	-2.839258964000000063e+01
1.804804804804799855e+08	-2.837041912000000110e+01
1.805305305305309892e+08	-2.835647799999999918e+01
1.805805805805810094e+08	-2.838034726000000063e+01
1.806306306306309998e+08	-2.833773966000000044e+01
1.806806806806809902e+08	-2.831565267999999946e+01
1.807307307307310104e+08	-2.831998524000000117e+01
1.807807807807810009e+08	-2.831866446000000082e+01
1.808308308308309913e+08	-2.830109904000000043e+01
1.808808808808810115e+08	-2.828620142999999842e+01
1.809309309309310019e+08	-2.826267435999999833e+01
1.809809809809809923e+08	-2.824008840999999848e+01
1.810310310310310125e+08	-2.824602864999999952e+01
1.810810810810810030e+08	-2.826011679000000143e+01
1.811311311311309934e+08	-2.823128562000000130e+01
1.811811811811810136e+08	-2.822042822999999956e+01
1.812312312312310040e+08	-2.819419170999999835e+01
1.812812812812809944e+08	-2.817215888999999862e+01
1.813313313313310146e+08	-2.816994031999999848e+01
1.813813813813810050e+08	-2.819037134999999950e+01
1.814314314314309955e+08	-2.815477077999999977e+01
1.814814814814809859e+08	-2.821236225999999903e+01
1.815315315315319896e+08	-2.814976627000000065e+01
1.815815815815820098e+08	-2.814939430000000087e+01
1.816316316316320002e+08	-2.813256817999999981e+01
1.816816816816819906e+08	-2.809872040000000126e+01
1.817317317317320108e+08	-2.812349880000000013e+01
1.817817817817820013e+08	-2.809662373999999829e+01
1.818318318318319917e+08	-2.811664752000000078e+01
1.818818818818820119e+08	-2.814238800000000040e+01
1.819319319319320023e+08	-2.810844893000000155e+01
1.819819819819819927e+08	-2.805696934999999925e+01
1.820320320320320129e+08	-2.807522668000000010e+01
1.820820820820820034e+08	-2.806327281000000085e+01
1.821321321321319938e+08	-2.810332350999999917e+01
1.821821821821820140e+08	-2.801952919000000009e+01
1.822322322322320044e+08	-2.803827190999999885e+01
1.822822822822819948e+08	-2.803258762999999831e+01
1.823323323323319852e+08	-2.800813783999999984e+01
1.823823823823820055e+08	-2.797604064000000079e+01
1.824324324324319959e+08	-2.801644333999999859e+01
1.824824824824819863e+08	-2.799456735000000052e+01
1.825325325325329900e+08	-2.797096791999999965e+01
1.825825825825830102e+08	-2.792178523000000112e+01
1.826326326326330006e+08	-2.796958250000000135e+01
1.826826826826829910e+08	-2.795747503000000123e+01
1.827327327327330112e+08	-2.794158136000000070e+01
1.827827827827830017e+08	-2.795472701999999998e+01
1.828328328328329921e+08	-2.794031702999999922e+01
1.828828828828830123e+08	-2.794324768999999975e+01
1.829329329329330027e+08	-2.788996357999999987e+01
1.829829829829829931e+08	-2.786035333999999963e+01
1.830330330330330133e+08	-2.787881561000000019e+01
1.830830830830830038e+08	-2.791983567000000122e+01
1.831331331331329942e+08	-2.788136023999999935e+01
1.831831831831830144e+08	-2.787726664999999926e+01
1.832332332332330048e+08	-2.785671392000000068e+01
1.832832832832829952e+08	-2.783518928999999886e+01
1.833333333333329856e+08	-2.789318755000000039e+01
1.833833833833830059e+08	-2.787324120999999977e+01
1.834334334334329963e+08	-2.784090042000000054e+01
1.834834834834829867e+08	-2.782002707999999913e+01
1.835335335335339904e+08	-2.784414534000000074e+01
1.835835835835840106e+08	-2.782210055999999909e+01
1.836336336336340010e+08	-2.781804958000000028e+01
1.836836836836839914e+08	-2.777925988000000146e+01
1.837337337337340117e+08	-2.783043358000000111e+01
1.837837837837840021e+08	-2.783850891000000161e+01
1.838338338338339925e+08	-2.780133123999999967e+01
1.838838838838840127e+08	-2.782681940000000154e+01
1.839339339339340031e+08	-2.782943938000000017e+01
1.839839839839839935e+08	-2.779270022000000040e+01
1.840340340340340137e+08	-2.779093658000000033e+01
1.840840840840840042e+08	-2.778213235999999853e+01
1.841341341341339946e+08	-2.778755448000000072e+01
1.841841841841840148e+08	-2.777675192999999965e+01
1.842342342342340052e+08	-2.774037075000000030e+01
1.842842842842839956e+08	-2.778461639000000005e+01
1.843343343343339860e+08	-2.774259194000000051e+01
1.843843843843840063e+08	-2.774665900999999835e+01
1.844344344344339967e+08	-2.776225690000000057e+01
1.844844844844839871e+08	-2.774585699000000005e+01
1.845345345345349908e+08	-2.775254294000000144e+01
1.845845845845850110e+08	-2.773081081999999853e+01
1.846346346346350014e+08	-2.775450667999999865e+01
1.846846846846849918e+08	-2.778846568999999889e+01
1.847347347347350121e+08	-2.772944534999999888e+01
1.847847847847850025e+08	-2.773163433999999938e+01
1.848348348348349929e+08	-2.773884761000000054e+01
1.848848848848850131e+08	-2.775011183000000159e+01
1.849349349349350035e+08	-2.779300273000000132e+01
1.849849849849849939e+08	-2.772141608000000090e+01
1.850350350350350142e+08	-2.769519631000000004e+01
1.850850850850850046e+08	-2.773080149999999833e+01
1.851351351351349950e+08	-2.772577550000000102e+01
1.851851851851849854e+08	-2.773011801000000176e+01
1.852352352352350056e+08	-2.771223043000000175e+01
1.852852852852849960e+08	-2.775137450000000072e+01
1.853353353353349864e+08	-2.772682363999999922e+01
1.853853853853850067e+08	-2.771823889999999935e+01
1.854354354354349971e+08	-2.773260111000000094e+01
1.854854854854849875e+08	-2.772796899000000082e+01
1.855355355355359912e+08	-2.774006383000000042e+01
1.855855855855860114e+08	-2.772220991000000012e+01
1.856356356356360018e+08	-2.773867712999999924e+01
1.856856856856859922e+08	-2.771233331000000177e+01
1.857357357357360125e+08	-2.772714928999999984e+01
1.857857857857860029e+08	-2.772219004999999825e+01
1.858358358358359933e+08	-2.772382392000000095e+01
1.858858858858860135e+08	-2.768628424999999993e+01
1.859359359359360039e+08	-2.772683917999999892e+01
1.859859859859859943e+08	-2.770237943000000058e+01
1.860360360360360146e+08	-2.769569600999999892e+01
1.860860860860860050e+08	-2.772488140999999828e+01
1.861361361361359954e+08	-2.773551310999999941e+01
1.861861861861859858e+08	-2.774181586999999993e+01
1.862362362362360060e+08	-2.771485175000000112e+01
1.862862862862859964e+08	-2.773154020999999858e+01
1.863363363363359869e+08	-2.774294967999999884e+01
1.863863863863860071e+08	-2.772025353000000081e+01
1.864364364364359975e+08	-2.771256024999999923e+01
1.864864864864859879e+08	-2.774163280000000142e+01
1.865365365365369916e+08	-2.775865186000000051e+01
1.865865865865870118e+08	-2.772832535999999948e+01
1.866366366366370022e+08	-2.771599293999999958e+01
1.866866866866869926e+08	-2.772469828999999919e+01
1.867367367367370129e+08	-2.774219160000000173e+01
1.867867867867870033e+08	-2.774871922000000168e+01
1.868368368368369937e+08	-2.773945688999999959e+01
1.868868868868870139e+08	-2.773971321000000145e+01
1.869369369369370043e+08	-2.778723889999999841e+01
1.869869869869869947e+08	-2.774480013000000156e+01
1.870370370370369852e+08	-2.772999468000000078e+01
1.870870870870870054e+08	-2.774567307999999954e+01
1.871371371371369958e+08	-2.774182906000000060e+01
1.871871871871869862e+08	-2.775674178999999953e+01
1.872372372372370064e+08	-2.778291644999999832e+01
1.872872872872869968e+08	-2.773655811000000071e+01
1.873373373373369873e+08	-2.775646903999999893e+01
1.873873873873870075e+08	-2.777232028999999969e+01
1.874374374374369979e+08	-2.776636904000000072e+01
1.874874874874869883e+08	-2.777830754000000013e+01
1.875375375375379920e+08	-2.775873181000000045e+01
1.875875875875880122e+08	-2.778633229000000071e+01
1.876376376376380026e+08	-2.780380943999999843e+01
1.876876876876879930e+08	-2.778709541999999999e+01
1.877377377377380133e+08	-2.778329678000000058e+01
1.877877877877880037e+08	-2.781524036000000066e+01
1.878378378378379941e+08	-2.783453318000000110e+01
1.878878878878880143e+08	-2.779820361000000162e+01
1.879379379379380047e+08	-2.780654260000000022e+01
1.879879879879879951e+08	-2.782733646000000149e+01
1.880380380380379856e+08	-2.783457548000000159e+01
1.880880880880880058e+08	-2.782345639000000048e+01
1.881381381381379962e+08	-2.783581125999999983e+01
1.881881881881879866e+08	-2.780873631000000046e+01
1.882382382382380068e+08	-2.782225925999999916e+01
1.882882882882879972e+08	-2.785233612000000036e+01
1.883383383383379877e+08	-2.781832462999999933e+01
1.883883883883880079e+08	-2.784069592000000171e+01
1.884384384384379983e+08	-2.782042630999999844e+01
1.884884884884879887e+08	-2.783554271999999941e+01
1.885385385385389924e+08	-2.785300078999999940e+01
1.885885885885890126e+08	-2.787098351999999934e+01
1.886386386386390030e+08	-2.783698300000000003e+01
1.886886886886889935e+08	-2.786099031999999909e+01
1.887387387387390137e+08	-2.786679162000000076e+01
1.887887887887890041e+08	-2.789427846999999971e+01
1.888388388388389945e+08	-2.787454804000000053e+01
1.888888888888890147e+08	-2.785804913000000127e+01
1.889389389389390051e+08	-2.788425325000000043e+01
1.889889889889889956e+08	-2.790231414000000143e+01
1.890390390390389860e+08	-2.788422106999999883e+01
1.890890890890890062e+08	-2.794890964000000011e+01
1.891391391391389966e+08	-2.787921775999999952e+01
1.891891891891889870e+08	-2.793470754999999883e+01
1.892392392392390072e+08	-2.791278468999999873e+01
1.892892892892889977e+08	-2.788995574999999860e+01
1.893393393393389881e+08	-2.792578460000000007e+01
1.893893893893890083e+08	-2.790637368000000151e+01
1.894394394394389987e+08	-2.793505135999999922e+01
1.894894894894889891e+08	-2.793240181999999905e+01
1.895395395395399928e+08	-2.795952910000000102e+01
1.895895895895900130e+08	-2.799230763999999994e+01
1.896396396396400034e+08	-2.794677653000000106e+01
1.896896896896899939e+08	-2.796500268000000133e+01
1.897397397397400141e+08	-2.792450764999999890e+01
1.897897897897900045e+08	-2.797964499000000060e+01
1.898398398398399949e+08	-2.798114623000000023e+01
1.898898898898899853e+08	-2.801639195999999998e+01
1.899399399399400055e+08	-2.797858014999999909e+01
1.899899899899899960e+08	-2.799988937999999905e+01
1.900400400400399864e+08	-2.799277265999999997e+01
1.900900900900900066e+08	-2.799417933999999875e+01
1.901401401401399970e+08	-2.803467013999999935e+01
1.901901901901899874e+08	-2.804134711000000024e+01
1.902402402402400076e+08	-2.803928627999999890e+01
1.902902902902899981e+08	-2.802688056999999944e+01
1.903403403403399885e+08	-2.803451901000000035e+01
1.903903903903900087e+08	-2.804051274000000049e+01
1.904404404404399991e+08	-2.804941304999999829e+01
1.904904904904899895e+08	-2.803919601000000128e+01
1.905405405405409932e+08	-2.805080461000000014e+01
1.905905905905910134e+08	-2.804030192000000099e+01
1.906406406406410038e+08	-2.807391923000000133e+01
1.906906906906909943e+08	-2.812422103999999834e+01
1.907407407407410145e+08	-2.804639583999999886e+01
1.907907907907910049e+08	-2.808520881999999830e+01
1.908408408408409953e+08	-2.807008572000000157e+01
1.908908908908909857e+08	-2.812884117000000117e+01
1.909409409409410059e+08	-2.809425145999999884e+01
1.909909909909909964e+08	-2.813323568999999935e+01
1.910410410410409868e+08	-2.809554188999999980e+01
1.910910910910910070e+08	-2.811454383999999962e+01
1.911411411411409974e+08	-2.815481851999999918e+01
1.911911911911909878e+08	-2.814451710999999889e+01
1.912412412412410080e+08	-2.811584790999999939e+01
1.912912912912909985e+08	-2.815655832999999930e+01
1.913413413413409889e+08	-2.813315103000000050e+01
1.913913913913910091e+08	-2.813861380000000167e+01
1.914414414414409995e+08	-2.814331985000000103e+01
1.914914914914909899e+08	-2.814148630000000040e+01
1.915415415415419936e+08	-2.815688980999999913e+01
1.915915915915920138e+08	-2.817627588999999944e+01
1.916416416416420043e+08	-2.819981715999999849e+01
1.916916916916919947e+08	-2.818890474999999896e+01
1.917417417417420149e+08	-2.813871136999999933e+01
1.917917917917920053e+08	-2.817712055000000149e+01
1.918418418418419957e+08	-2.818981312000000017e+01
1.918918918918919861e+08	-2.817648233999999974e+01
1.919419419419420063e+08	-2.817358004000000093e+01
1.919919919919919968e+08	-2.821531026999999980e+01
1.920420420420419872e+08	-2.820074160000000063e+01
1.920920920920920074e+08	-2.821201948999999942e+01
1.921421421421419978e+08	-2.822031597999999875e+01
1.921921921921919882e+08	-2.823479589000000090e+01
1.922422422422420084e+08	-2.825705957999999995e+01
1.922922922922919989e+08	-2.820030720999999829e+01
1.923423423423419893e+08	-2.822746207000000140e+01
1.923923923923920095e+08	-2.825950723000000053e+01
1.924424424424419999e+08	-2.821409579999999906e+01
1.924924924924919903e+08	-2.823979732999999825e+01
1.925425425425429940e+08	-2.825670974999999885e+01
1.925925925925930142e+08	-2.822065256000000133e+01
1.926426426426430047e+08	-2.824984049000000041e+01
1.926926926926929951e+08	-2.828457841999999900e+01
1.927427427427429855e+08	-2.830090059999999852e+01
1.927927927927930057e+08	-2.825503807999999850e+01
1.928428428428429961e+08	-2.824436135999999919e+01
1.928928928928929865e+08	-2.830651166999999901e+01
1.929429429429430068e+08	-2.828740608000000023e+01
1.929929929929929972e+08	-2.827232337999999956e+01
1.930430430430429876e+08	-2.829619012999999939e+01
1.930930930930930078e+08	-2.832502962999999951e+01
1.931431431431429982e+08	-2.831890508000000040e+01
1.931931931931929886e+08	-2.828207970000000060e+01
1.932432432432430089e+08	-2.830860962999999941e+01
1.932932932932929993e+08	-2.829470097999999822e+01
1.933433433433429897e+08	-2.831572016000000147e+01
1.933933933933930099e+08	-2.831463498999999828e+01
1.934434434434430003e+08	-2.835070071999999897e+01
1.934934934934929907e+08	-2.837331289000000112e+01
1.935435435435439944e+08	-2.835025595999999837e+01
1.935935935935940146e+08	-2.833821344000000053e+01
1.936436436436440051e+08	-2.832693886999999933e+01
1.936936936936939955e+08	-2.834616400000000169e+01
1.937437437437439859e+08	-2.834953802000000067e+01
1.937937937937940061e+08	-2.838111072999999962e+01
1.938438438438439965e+08	-2.836628221000000138e+01
1.938938938938939869e+08	-2.834936821999999879e+01
1.939439439439440072e+08	-2.834518976000000023e+01
1.939939939939939976e+08	-2.832815473999999867e+01
1.940440440440439880e+08	-2.835762671000000168e+01
1.940940940940940082e+08	-2.836493237999999906e+01
1.941441441441439986e+08	-2.836351288999999909e+01
1.941941941941939890e+08	-2.838436537999999842e+01
1.942442442442440093e+08	-2.833911267999999950e+01
1.942942942942939997e+08	-2.838755000999999822e+01
1.943443443443439901e+08	-2.837449635000000114e+01
1.943943943943940103e+08	-2.835579733999999874e+01
1.944444444444440007e+08	-2.832962480000000127e+01
1.944944944944939911e+08	-2.838670172999999863e+01
1.945445445445449948e+08	-2.837881261000000066e+01
1.945945945945949852e+08	-2.836926837000000035e+01
1.946446446446450055e+08	-2.838140081999999964e+01
1.946946946946949959e+08	-2.841839437000000146e+01
1.947447447447449863e+08	-2.839893328000000139e+01
1.947947947947950065e+08	-2.836787973999999934e+01
1.948448448448449969e+08	-2.836325756000000098e+01
1.948948948948949873e+08	-2.842006718000000021e+01
1.949449449449450076e+08	-2.839087719999999848e+01
1.949949949949949980e+08	-2.844581037000000023e+01
1.950450450450449884e+08	-2.845548883000000018e+01
1.950950950950950086e+08	-2.838911866000000117e+01
1.951451451451449990e+08	-2.843300273999999916e+01
1.951951951951949894e+08	-2.839079411999999891e+01
1.952452452452450097e+08	-2.842889114000000106e+01
1.952952952952950001e+08	-2.838566733000000042e+01
1.953453453453449905e+08	-2.839622815999999972e+01
1.953953953953950107e+08	-2.839516177000000141e+01
1.954454454454450011e+08	-2.843389494999999911e+01
1.954954954954949915e+08	-2.843288380999999987e+01
1.955455455455459952e+08	-2.845482842999999917e+01
1.955955955955959857e+08	-2.841848092000000037e+01
1.956456456456460059e+08	-2.838801215000000155e+01
1.956956956956959963e+08	-2.842652209999999968e+01
1.957457457457459867e+08	-2.843181845000000152e+01
1.957957957957960069e+08	-2.848405457000000141e+01
1.958458458458459973e+08	-2.842481171000000018e+01
1.958958958958959877e+08	-2.840315117000000100e+01
1.959459459459460080e+08	-2.842432837999999862e+01
1.959959959959959984e+08	-2.841836989999999830e+01
1.960460460460459888e+08	-2.841738559999999936e+01
1.960960960960960090e+08	-2.838580804000000057e+01
1.961461461461459994e+08	-2.840482450000000014e+01
1.961961961961959898e+08	-2.846372939000000102e+01
1.962462462462460101e+08	-2.841117105000000009e+01
1.962962962962960005e+08	-2.843626783999999930e+01
1.963463463463459909e+08	-2.842107225999999898e+01
1.963963963963960111e+08	-2.844571523999999840e+01
1.964464464464460015e+08	-2.840545768000000137e+01
1.964964964964959919e+08	-2.841397438999999991e+01
1.965465465465469956e+08	-2.843855922999999919e+01
1.965965965965969861e+08	-2.843159557999999976e+01
1.966466466466470063e+08	-2.840502255000000176e+01
1.966966966966969967e+08	-2.842381676999999840e+01
1.967467467467469871e+08	-2.841364159999999828e+01
1.967967967967970073e+08	-2.840390614000000014e+01
1.968468468468469977e+08	-2.844511967000000041e+01
1.968968968968969882e+08	-2.840134413999999907e+01
1.969469469469470084e+08	-2.844902555000000177e+01
1.969969969969969988e+08	-2.844690187000000137e+01
1.970470470470469892e+08	-2.839751125000000087e+01
1.970970970970970094e+08	-2.842703922999999833e+01
1.971471471471469998e+08	-2.842869012999999967e+01
1.971971971971969903e+08	-2.844149193000000153e+01
1.972472472472470105e+08	-2.840055059999999898e+01
1.972972972972970009e+08	-2.840922013999999862e+01
1.973473473473469913e+08	-2.844173169999999828e+01
1.973973973973970115e+08	-2.843420341999999934e+01
1.974474474474470019e+08	-2.842749683999999988e+01
1.974974974974969923e+08	-2.839717762000000079e+01
1.975475475475479960e+08	-2.842003877000000145e+01
1.975975975975979865e+08	-2.841319379999999839e+01
1.976476476476480067e+08	-2.844616669999999914e+01
1.976976976976979971e+08	-2.838557730000000134e+01
1.977477477477479875e+08	-2.840554552000000044e+01
1.977977977977980077e+08	-2.837632745000000156e+01
1.978478478478479981e+08	-2.840131322999999952e+01
1.978978978978979886e+08	-2.840629235000000108e+01
1.979479479479480088e+08	-2.836458036000000149e+01
1.979979979979979992e+08	-2.842823629999999824e+01
1.980480480480479896e+08	-2.840134480000000039e+01
1.980980980980980098e+08	-2.840876056000000105e+01
1.981481481481480002e+08	-2.837349611000000138e+01
1.981981981981979907e+08	-2.840316890000000072e+01
1.982482482482480109e+08	-2.839175669999999840e+01
1.982982982982980013e+08	-2.839055851000000175e+01
1.983483483483479917e+08	-2.839537676000000133e+01
1.983983983983980119e+08	-2.838495553999999998e+01
1.984484484484480023e+08	-2.839851730000000174e+01
1.984984984984979928e+08	-2.841507680999999863e+01
1.985485485485489964e+08	-2.840153865999999994e+01
1.985985985985989869e+08	-2.839127869000000004e+01
1.986486486486490071e+08	-2.841469053000000144e+01
1.986986986986989975e+08	-2.836996398000000141e+01
1.987487487487489879e+08	-2.832995809000000165e+01
1.987987987987990081e+08	-2.841246774000000030e+01
1.988488488488489985e+08	-2.836681164999999893e+01
1.988988988988989890e+08	-2.844820062999999877e+01
1.989489489489490092e+08	-2.837216271999999861e+01
1.989989989989989996e+08	-2.836336061000000086e+01
1.990490490490489900e+08	-2.835600300999999845e+01
1.990990990990990102e+08	-2.836936559999999830e+01
1.991491491491490006e+08	-2.837530367000000098e+01
1.991991991991989911e+08	-2.834180805000000092e+01
1.992492492492490113e+08	-2.836878958999999867e+01
1.992992992992990017e+08	-2.838142120999999918e+01
1.993493493493489921e+08	-2.836040235999999837e+01
1.993993993993990123e+08	-2.840719130000000092e+01
1.994494494494490027e+08	-2.835654600000000158e+01
1.994994994994989932e+08	-2.836417696999999905e+01
1.995495495495499969e+08	-2.833265864999999906e+01
1.995995995995999873e+08	-2.830608535000000003e+01
1.996496496496500075e+08	-2.833516927000000152e+01
1.996996996996999979e+08	-2.834835187999999917e+01
1.997497497497499883e+08	-2.835516193999999857e+01
1.997997997998000085e+08	-2.833373771000000119e+01
1.998498498498499990e+08	-2.833368807000000089e+01
1.998998998998999894e+08	-2.833152357999999893e+01
1.999499499499500096e+08	-2.835674947000000046e+01
2.000000000000000000e+08	-2.832919120000000035e+01
