# X 	 Y
1.500000000000000000e+08	-3.031059172000000146e+01
1.500500500500499904e+08	-3.028115354999999909e+01
1.501001001001000106e+08	-3.028783066000000090e+01
1.501501501501500010e+08	-3.022787187000000131e+01
1.502002002001999915e+08	-3.023196610000000106e+01
1.502502502502500117e+08	-3.018636602999999852e+01
1.503003003003000021e+08	-3.025419618000000099e+01
1.503503503503499925e+08	-3.023635578000000024e+01
1.504004004004000127e+08	-3.022284138999999925e+01
1.504504504504500031e+08	-3.023179001999999826e+01
1.505005005005010068e+08	-3.022036127000000150e+01
1.505505505505509973e+08	-3.015548331999999832e+01
1.506006006006009877e+08	-3.024515346000000093e+01
1.506506506506510079e+08	-3.009410800999999935e+01
1.507007007007009983e+08	-3.020178526000000119e+01
1.507507507507509887e+08	-3.019967233999999934e+01
1.508008008008010089e+08	-3.016921832999999964e+01
1.508508508508509994e+08	-3.015630623999999926e+01
1.509009009009009898e+08	-3.012448526000000015e+01
1.509509509509510100e+08	-3.021624957999999950e+01
1.510010010010010004e+08	-3.012900708000000094e+01
1.510510510510509908e+08	-3.015367290000000011e+01
1.511011011011010110e+08	-3.011408125999999896e+01
1.511511511511510015e+08	-3.007001689000000155e+01
1.512012012012009919e+08	-3.012389050000000168e+01
1.512512512512510121e+08	-3.002543271000000047e+01
1.513013013013010025e+08	-3.005093229999999949e+01
1.513513513513509929e+08	-3.002925169999999966e+01
1.514014014014010131e+08	-3.011997416999999899e+01
1.514514514514510036e+08	-3.009369827000000086e+01
1.515015015015020072e+08	-3.006210643000000005e+01
1.515515515515519977e+08	-3.010304770999999846e+01
1.516016016016019881e+08	-3.000390338000000057e+01
1.516516516516520083e+08	-3.010117177000000055e+01
1.517017017017019987e+08	-2.999103793000000096e+01
1.517517517517519891e+08	-3.000997368000000165e+01
1.518018018018020093e+08	-3.011098868999999922e+01
1.518518518518519998e+08	-3.001313512999999844e+01
1.519019019019019902e+08	-3.003837856000000173e+01
1.519519519519520104e+08	-2.995861366999999831e+01
1.520020020020020008e+08	-2.999123752999999937e+01
1.520520520520519912e+08	-2.998233043000000109e+01
1.521021021021020114e+08	-2.991042995999999832e+01
1.521521521521520019e+08	-2.997105300999999855e+01
1.522022022022019923e+08	-2.996901161999999985e+01
1.522522522522520125e+08	-2.996116590999999829e+01
1.523023023023020029e+08	-2.989461995999999999e+01
1.523523523523519933e+08	-2.988327483999999856e+01
1.524024024024020135e+08	-2.995406924999999987e+01
1.524524524524520040e+08	-2.995518159999999952e+01
1.525025025025030077e+08	-2.984354971999999862e+01
1.525525525525529981e+08	-2.983881417999999996e+01
1.526026026026029885e+08	-2.990433738000000119e+01
1.526526526526530087e+08	-2.990525109000000015e+01
1.527027027027029991e+08	-2.984921342000000166e+01
1.527527527527529895e+08	-2.988909792000000110e+01
1.528028028028030097e+08	-2.982535829000000049e+01
1.528528528528530002e+08	-2.990540195999999895e+01
1.529029029029029906e+08	-2.982595467000000156e+01
1.529529529529530108e+08	-2.980669401999999835e+01
1.530030030030030012e+08	-2.984659169000000034e+01
1.530530530530529916e+08	-2.973067289999999829e+01
1.531031031031030118e+08	-2.977669201999999871e+01
1.531531531531530023e+08	-2.976926651999999862e+01
1.532032032032029927e+08	-2.972209222000000040e+01
1.532532532532530129e+08	-2.968631879000000140e+01
1.533033033033030033e+08	-2.969275088999999923e+01
1.533533533533529937e+08	-2.970706759000000119e+01
1.534034034034030139e+08	-2.968889533999999841e+01
1.534534534534530044e+08	-2.968951460999999981e+01
1.535035035035040081e+08	-2.972527061999999987e+01
1.535535535535539985e+08	-2.959057074000000043e+01
1.536036036036039889e+08	-2.962079473000000007e+01
1.536536536536540091e+08	-2.955851088000000004e+01
1.537037037037039995e+08	-2.955806211000000161e+01
1.537537537537539899e+08	-2.957357806999999994e+01
1.538038038038040102e+08	-2.962289888000000104e+01
1.538538538538540006e+08	-2.956573411000000107e+01
1.539039039039039910e+08	-2.956135340000000156e+01
1.539539539539540112e+08	-2.950397859999999994e+01
1.540040040040040016e+08	-2.952544908000000135e+01
1.540540540540539920e+08	-2.954102529000000033e+01
1.541041041041040123e+08	-2.944610339999999837e+01
1.541541541541540027e+08	-2.951653862999999944e+01
1.542042042042039931e+08	-2.944017868999999976e+01
1.542542542542540133e+08	-2.943504393999999991e+01
1.543043043043040037e+08	-2.939405225999999871e+01
1.543543543543539941e+08	-2.938185097999999940e+01
1.544044044044040143e+08	-2.934793330000000111e+01
1.544544544544540048e+08	-2.941923363000000080e+01
1.545045045045050085e+08	-2.920983577000000153e+01
1.545545545545549989e+08	-2.932975898999999842e+01
1.546046046046049893e+08	-2.929115639000000115e+01
1.546546546546550095e+08	-2.932299894999999879e+01
1.547047047047049999e+08	-2.920737902999999847e+01
1.547547547547549903e+08	-2.931125955999999988e+01
1.548048048048050106e+08	-2.923400502999999873e+01
1.548548548548550010e+08	-2.921040625999999918e+01
1.549049049049049914e+08	-2.914344944999999854e+01
1.549549549549550116e+08	-2.909823104000000171e+01
1.550050050050050020e+08	-2.907448687000000120e+01
1.550550550550549924e+08	-2.901904054999999971e+01
1.551051051051050127e+08	-2.902392470999999929e+01
1.551551551551550031e+08	-2.907884168000000003e+01
1.552052052052049935e+08	-2.903133139999999912e+01
1.552552552552550137e+08	-2.904518790999999922e+01
1.553053053053050041e+08	-2.890324670000000040e+01
1.553553553553549945e+08	-2.893553203000000096e+01
1.554054054054050148e+08	-2.872385876999999965e+01
1.554554554554550052e+08	-2.876436319999999824e+01
1.555055055055060089e+08	-2.871334822000000031e+01
1.555555555555559993e+08	-2.880355737000000005e+01
1.556056056056059897e+08	-2.868559465999999958e+01
1.556556556556560099e+08	-2.865767706999999831e+01
1.557057057057060003e+08	-2.868426454000000092e+01
1.557557557557559907e+08	-2.863184710000000166e+01
1.558058058058060110e+08	-2.853688668999999933e+01
1.558558558558560014e+08	-2.849371315999999865e+01
1.559059059059059918e+08	-2.845884327999999996e+01
1.559559559559560120e+08	-2.844423416000000060e+01
1.560060060060060024e+08	-2.833244288999999938e+01
1.560560560560559928e+08	-2.835591451000000163e+01
1.561061061061060131e+08	-2.827659923999999947e+01
1.561561561561560035e+08	-2.821053454999999843e+01
1.562062062062059939e+08	-2.812000713999999846e+01
1.562562562562560141e+08	-2.828689041999999887e+01
1.563063063063060045e+08	-2.808856597000000122e+01
1.563563563563559949e+08	-2.793956181000000072e+01
1.564064064064059854e+08	-2.799069077000000050e+01
1.564564564564560056e+08	-2.787486541000000173e+01
1.565065065065070093e+08	-2.778865397999999942e+01
1.565565565565569997e+08	-2.769624998000000105e+01
1.566066066066069901e+08	-2.767567495000000122e+01
1.566566566566570103e+08	-2.762755392000000043e+01
1.567067067067070007e+08	-2.757265308999999931e+01
1.567567567567569911e+08	-2.742748706000000070e+01
1.568068068068070114e+08	-2.739979500999999829e+01
1.568568568568570018e+08	-2.733303331000000114e+01
1.569069069069069922e+08	-2.725918167000000025e+01
1.569569569569570124e+08	-2.715743484000000052e+01
1.570070070070070028e+08	-2.711404169000000053e+01
1.570570570570569932e+08	-2.699962611000000123e+01
1.571071071071070135e+08	-2.691107935999999867e+01
1.571571571571570039e+08	-2.682061347000000140e+01
1.572072072072069943e+08	-2.673188139999999891e+01
1.572572572572570145e+08	-2.660261947000000049e+01
1.573073073073070049e+08	-2.654306976000000162e+01
1.573573573573569953e+08	-2.639485970000000137e+01
1.574074074074069858e+08	-2.639829363000000129e+01
1.574574574574570060e+08	-2.629058274999999867e+01
1.575075075075080097e+08	-2.622692809000000125e+01
1.575575575575580001e+08	-2.611415416999999906e+01
1.576076076076079905e+08	-2.601793763999999953e+01
1.576576576576580107e+08	-2.591836551999999827e+01
1.577077077077080011e+08	-2.590644058999999899e+01
1.577577577577579916e+08	-2.576293772000000004e+01
1.578078078078080118e+08	-2.567833938000000060e+01
1.578578578578580022e+08	-2.562573258999999837e+01
1.579079079079079926e+08	-2.561431671000000065e+01
1.579579579579580128e+08	-2.559977823999999913e+01
1.580080080080080032e+08	-2.561829576999999958e+01
1.580580580580579937e+08	-2.557773627999999988e+01
1.581081081081080139e+08	-2.556329543000000015e+01
1.581581581581580043e+08	-2.557295119999999855e+01
1.582082082082079947e+08	-2.564223239000000021e+01
1.582582582582579851e+08	-2.573055769000000126e+01
1.583083083083080053e+08	-2.580960463999999988e+01
1.583583583583579957e+08	-2.589129953999999856e+01
1.584084084084079862e+08	-2.602451482000000027e+01
1.584584584584580064e+08	-2.616917793000000003e+01
1.585085085085090101e+08	-2.633067621000000003e+01
1.585585585585590005e+08	-2.651130003999999829e+01
1.586086086086089909e+08	-2.672216444000000024e+01
1.586586586586590111e+08	-2.694062139000000045e+01
1.587087087087090015e+08	-2.710395186999999950e+01
1.587587587587589920e+08	-2.735507958999999900e+01
1.588088088088090122e+08	-2.757588465999999983e+01
1.588588588588590026e+08	-2.783326947000000118e+01
1.589089089089089930e+08	-2.812952961999999957e+01
1.589589589589590132e+08	-2.834787693999999902e+01
1.590090090090090036e+08	-2.852879599999999982e+01
1.590590590590589941e+08	-2.875096787000000020e+01
1.591091091091090143e+08	-2.897909660999999915e+01
1.591591591591590047e+08	-2.923769466999999977e+01
1.592092092092089951e+08	-2.942797884000000153e+01
1.592592592592589855e+08	-2.967902777999999842e+01
1.593093093093090057e+08	-2.982434433999999968e+01
1.593593593593589962e+08	-3.002858150999999864e+01
1.594094094094089866e+08	-3.022566318999999879e+01
1.594594594594590068e+08	-3.044527043000000077e+01
1.595095095095100105e+08	-3.058639232000000163e+01
1.595595595595600009e+08	-3.082414102999999983e+01
1.596096096096099913e+08	-3.084529059000000117e+01
1.596596596596600115e+08	-3.098323604999999858e+01
1.597097097097100019e+08	-3.120101318000000035e+01
1.597597597597599924e+08	-3.119128050000000130e+01
1.598098098098100126e+08	-3.125530874000000026e+01
1.598598598598600030e+08	-3.143820138999999969e+01
1.599099099099099934e+08	-3.162697894000000076e+01
1.599599599599600136e+08	-3.167168218999999851e+01
1.600100100100100040e+08	-3.186411718000000093e+01
1.600600600600599945e+08	-3.180890465999999961e+01
1.601101101101100147e+08	-3.183769801000000044e+01
1.601601601601600051e+08	-3.199079927000000012e+01
1.602102102102099955e+08	-3.200641601000000236e+01
1.602602602602599859e+08	-3.209160767000000192e+01
1.603103103103100061e+08	-3.209368872000000295e+01
1.603603603603599966e+08	-3.212028945000000135e+01
1.604104104104099870e+08	-3.220098866000000015e+01
1.604604604604600072e+08	-3.216791031000000345e+01
1.605105105105110109e+08	-3.222850799999999793e+01
1.605605605605610013e+08	-3.216395998000000134e+01
1.606106106106109917e+08	-3.225678611000000018e+01
1.606606606606610119e+08	-3.237687300000000334e+01
1.607107107107110023e+08	-3.228218391000000054e+01
1.607607607607609928e+08	-3.240610248000000126e+01
1.608108108108110130e+08	-3.242946935999999880e+01
1.608608608608610034e+08	-3.231016366000000062e+01
1.609109109109109938e+08	-3.232844647000000293e+01
1.609609609609610140e+08	-3.242198703999999765e+01
1.610110110110110044e+08	-3.238128506000000328e+01
1.610610610610609949e+08	-3.234973178999999988e+01
1.611111111111109853e+08	-3.245540797000000310e+01
1.611611611611610055e+08	-3.241183695000000142e+01
1.612112112112109959e+08	-3.226876330999999709e+01
1.612612612612609863e+08	-3.244915006000000091e+01
1.613113113113110065e+08	-3.244014554999999689e+01
1.613613613613609970e+08	-3.238087661000000139e+01
1.614114114114109874e+08	-3.257236226999999928e+01
1.614614614614610076e+08	-3.229253726000000313e+01
1.615115115115120113e+08	-3.246281892999999741e+01
1.615615615615620017e+08	-3.238147786999999767e+01
1.616116116116119921e+08	-3.243137308000000019e+01
1.616616616616620123e+08	-3.236356122000000113e+01
1.617117117117120028e+08	-3.237003499000000062e+01
1.617617617617619932e+08	-3.237673646999999733e+01
1.618118118118120134e+08	-3.227357399000000271e+01
1.618618618618620038e+08	-3.229315330000000017e+01
1.619119119119119942e+08	-3.227538437999999843e+01
1.619619619619620144e+08	-3.230447912000000343e+01
1.620120120120120049e+08	-3.240520732000000237e+01
1.620620620620619953e+08	-3.225798806000000241e+01
1.621121121121119857e+08	-3.223383485000000093e+01
1.621621621621620059e+08	-3.230592795999999822e+01
1.622122122122119963e+08	-3.221871895999999680e+01
1.622622622622619867e+08	-3.227257718999999980e+01
1.623123123123120070e+08	-3.219657626000000050e+01
1.623623623623619974e+08	-3.231358220999999986e+01
1.624124124124119878e+08	-3.216787406000000260e+01
1.624624624624620080e+08	-3.232031479999999846e+01
1.625125125125130117e+08	-3.226103828000000107e+01
1.625625625625630021e+08	-3.229144854999999836e+01
1.626126126126129925e+08	-3.223733763999999979e+01
1.626626626626630127e+08	-3.230840123000000119e+01
1.627127127127130032e+08	-3.215055835999999800e+01
1.627627627627629936e+08	-3.197363552999999925e+01
1.628128128128130138e+08	-3.221656232000000131e+01
1.628628628628630042e+08	-3.220961764999999843e+01
1.629129129129129946e+08	-3.215743644999999873e+01
1.629629629629630148e+08	-3.224053881999999760e+01
1.630130130130130053e+08	-3.213910103999999990e+01
1.630630630630629957e+08	-3.221797415000000342e+01
1.631131131131129861e+08	-3.211812169000000239e+01
1.631631631631630063e+08	-3.209580851999999851e+01
1.632132132132129967e+08	-3.221389832999999925e+01
1.632632632632629871e+08	-3.213280187000000154e+01
1.633133133133130074e+08	-3.197243449999999854e+01
1.633633633633629978e+08	-3.195217657999999972e+01
1.634134134134129882e+08	-3.214666087999999888e+01
1.634634634634630084e+08	-3.210629366999999945e+01
1.635135135135140121e+08	-3.206472724999999713e+01
1.635635635635640025e+08	-3.196884548999999964e+01
1.636136136136139929e+08	-3.216262296000000021e+01
1.636636636636640131e+08	-3.207058932999999712e+01
1.637137137137140036e+08	-3.207906695999999869e+01
1.637637637637639940e+08	-3.205212468999999942e+01
1.638138138138140142e+08	-3.214085985999999906e+01
1.638638638638640046e+08	-3.213279762999999889e+01
1.639139139139139950e+08	-3.205863940999999784e+01
1.639639639639639854e+08	-3.209107704000000183e+01
1.640140140140140057e+08	-3.213790944000000138e+01
1.640640640640639961e+08	-3.217007928000000305e+01
1.641141141141139865e+08	-3.209841017000000107e+01
1.641641641641640067e+08	-3.202190175999999866e+01
1.642142142142139971e+08	-3.214897976999999685e+01
1.642642642642639875e+08	-3.221189831000000225e+01
1.643143143143140078e+08	-3.206854667000000347e+01
1.643643643643639982e+08	-3.209615844999999723e+01
1.644144144144139886e+08	-3.210270474000000007e+01
1.644644644644640088e+08	-3.213552890999999789e+01
1.645145145145150125e+08	-3.217049501000000333e+01
1.645645645645650029e+08	-3.227210339999999889e+01
1.646146146146149933e+08	-3.211473388999999656e+01
1.646646646646650136e+08	-3.226980071999999922e+01
1.647147147147150040e+08	-3.229800707999999787e+01
1.647647647647649944e+08	-3.224823619000000008e+01
1.648148148148150146e+08	-3.228177177999999969e+01
1.648648648648650050e+08	-3.219419486999999691e+01
1.649149149149149954e+08	-3.233506675999999658e+01
1.649649649649649858e+08	-3.229994496999999853e+01
1.650150150150150061e+08	-3.235477225999999717e+01
1.650650650650649965e+08	-3.225883742999999981e+01
1.651151151151149869e+08	-3.247475812999999789e+01
1.651651651651650071e+08	-3.245396903000000322e+01
1.652152152152149975e+08	-3.250853881999999828e+01
1.652652652652649879e+08	-3.244085024000000317e+01
1.653153153153150082e+08	-3.259891855000000049e+01
1.653653653653649986e+08	-3.256904262999999844e+01
1.654154154154149890e+08	-3.262827020000000289e+01
1.654654654654650092e+08	-3.267530486999999795e+01
1.655155155155160129e+08	-3.259649723999999793e+01
1.655655655655660033e+08	-3.277121331000000026e+01
1.656156156156159937e+08	-3.271497236999999814e+01
1.656656656656660140e+08	-3.290584962999999874e+01
1.657157157157160044e+08	-3.280624982999999872e+01
1.657657657657659948e+08	-3.289730518999999731e+01
1.658158158158159852e+08	-3.300894078000000320e+01
1.658658658658660054e+08	-3.301969236000000052e+01
1.659159159159159958e+08	-3.305692066000000295e+01
1.659659659659659863e+08	-3.314977162999999649e+01
1.660160160160160065e+08	-3.324023573000000198e+01
1.660660660660659969e+08	-3.338777838000000031e+01
1.661161161161159873e+08	-3.338244262999999989e+01
1.661661661661660075e+08	-3.343002195999999770e+01
1.662162162162159979e+08	-3.354375419000000136e+01
1.662662662662659883e+08	-3.360670028999999914e+01
1.663163163163160086e+08	-3.379480318000000238e+01
1.663663663663659990e+08	-3.369784402999999884e+01
1.664164164164159894e+08	-3.389439964000000316e+01
1.664664664664660096e+08	-3.395189599999999785e+01
1.665165165165170133e+08	-3.418006012000000027e+01
1.665665665665670037e+08	-3.420882879999999915e+01
1.666166166166169941e+08	-3.437294227999999663e+01
1.666666666666670144e+08	-3.444848778000000067e+01
1.667167167167170048e+08	-3.458770781999999855e+01
1.667667667667669952e+08	-3.470614926999999739e+01
1.668168168168169856e+08	-3.465652591999999999e+01
1.668668668668670058e+08	-3.517742860999999976e+01
1.669169169169169962e+08	-3.497026164999999764e+01
1.669669669669669867e+08	-3.524981294999999903e+01
1.670170170170170069e+08	-3.550495683999999841e+01
1.670670670670669973e+08	-3.560837527999999708e+01
1.671171171171169877e+08	-3.572850986000000262e+01
1.671671671671670079e+08	-3.591242728999999656e+01
1.672172172172169983e+08	-3.607358306999999797e+01
1.672672672672669888e+08	-3.635502816999999709e+01
1.673173173173170090e+08	-3.645731700999999703e+01
1.673673673673669994e+08	-3.682918205000000000e+01
1.674174174174169898e+08	-3.691310512999999816e+01
1.674674674674670100e+08	-3.715451665999999875e+01
1.675175175175180137e+08	-3.747711225999999840e+01
1.675675675675680041e+08	-3.758092512999999713e+01
1.676176176176179945e+08	-3.810717066000000131e+01
1.676676676676680148e+08	-3.820275655999999742e+01
1.677177177177180052e+08	-3.839804021999999861e+01
1.677677677677679956e+08	-3.876329038000000082e+01
1.678178178178179860e+08	-3.900933569000000034e+01
1.678678678678680062e+08	-3.942533130999999713e+01
1.679179179179179966e+08	-3.983551843000000048e+01
1.679679679679679871e+08	-4.024523203999999765e+01
1.680180180180180073e+08	-4.047007563999999746e+01
1.680680680680679977e+08	-4.086174531000000343e+01
1.681181181181179881e+08	-4.125391934999999677e+01
1.681681681681680083e+08	-4.193595444999999700e+01
1.682182182182179987e+08	-4.201807740000000280e+01
1.682682682682679892e+08	-4.251854712000000092e+01
1.683183183183180094e+08	-4.325937798999999728e+01
1.683683683683679998e+08	-4.439684167000000059e+01
1.684184184184179902e+08	-4.471982988999999975e+01
1.684684684684680104e+08	-4.558757450000000233e+01
1.685185185185190141e+08	-4.575713447999999772e+01
1.685685685685690045e+08	-4.676398729000000287e+01
1.686186186186189950e+08	-4.789628537000000108e+01
1.686686686686689854e+08	-4.853301964999999996e+01
1.687187187187190056e+08	-5.039418200000000070e+01
1.687687687687689960e+08	-5.095605527000000023e+01
1.688188188188189864e+08	-5.188730874000000171e+01
1.688688688688690066e+08	-5.343894666999999998e+01
1.689189189189189970e+08	-5.718339078999999714e+01
1.689689689689689875e+08	-5.854859141000000022e+01
1.690190190190190077e+08	-6.226684335000000203e+01
1.690690690690689981e+08	-6.554074916999999800e+01
1.691191191191189885e+08	-7.557309524999999439e+01
1.691691691691690087e+08	-6.165747959000000122e+01
1.692192192192189991e+08	-6.101815458000000092e+01
1.692692692692689896e+08	-5.793663555999999915e+01
1.693193193193190098e+08	-5.541593175999999943e+01
1.693693693693690002e+08	-5.365889633999999830e+01
1.694194194194189906e+08	-5.165270087999999760e+01
1.694694694694690108e+08	-5.021275831999999895e+01
1.695195195195200145e+08	-4.853226467999999727e+01
1.695695695695700049e+08	-4.822293623000000196e+01
1.696196196196199954e+08	-4.720253253999999998e+01
1.696696696696699858e+08	-4.595715057000000314e+01
1.697197197197200060e+08	-4.529971044999999918e+01
1.697697697697699964e+08	-4.519271390000000110e+01
1.698198198198199868e+08	-4.461763824999999883e+01
1.698698698698700070e+08	-4.411452827000000099e+01
1.699199199199199975e+08	-4.347837710000000300e+01
1.699699699699699879e+08	-4.308076530000000304e+01
1.700200200200200081e+08	-4.249919452999999692e+01
1.700700700700699985e+08	-4.197126365999999820e+01
1.701201201201199889e+08	-4.184007782999999847e+01
1.701701701701700091e+08	-4.117493300000000289e+01
1.702202202202199996e+08	-4.119929897000000096e+01
1.702702702702699900e+08	-4.048629732999999931e+01
1.703203203203200102e+08	-4.021763368999999955e+01
1.703703703703700006e+08	-4.014403356999999772e+01
1.704204204204199910e+08	-3.983226384999999681e+01
1.704704704704700112e+08	-3.957230049000000349e+01
1.705205205205209851e+08	-3.930264850999999737e+01
1.705705705705710053e+08	-3.907930969000000232e+01
1.706206206206209958e+08	-3.873255721999999679e+01
1.706706706706709862e+08	-3.832045020000000335e+01
1.707207207207210064e+08	-3.805266290000000140e+01
1.707707707707709968e+08	-3.804514343999999682e+01
1.708208208208209872e+08	-3.789670796000000053e+01
1.708708708708710074e+08	-3.769678901000000337e+01
1.709209209209209979e+08	-3.735779381999999771e+01
1.709709709709709883e+08	-3.723405807000000323e+01
1.710210210210210085e+08	-3.703022389000000203e+01
1.710710710710709989e+08	-3.684961324999999732e+01
1.711211211211209893e+08	-3.646968684000000138e+01
1.711711711711710095e+08	-3.659158275000000060e+01
1.712212212212210000e+08	-3.636062210000000050e+01
1.712712712712709904e+08	-3.615885893000000095e+01
1.713213213213210106e+08	-3.596472083999999825e+01
1.713713713713710010e+08	-3.590968110000000024e+01
1.714214214214209914e+08	-3.585962596000000246e+01
1.714714714714710116e+08	-3.562052586000000076e+01
1.715215215215219855e+08	-3.544765243999999882e+01
1.715715715715720057e+08	-3.550155240000000134e+01
1.716216216216219962e+08	-3.533528177000000170e+01
1.716716716716719866e+08	-3.517539912000000157e+01
1.717217217217220068e+08	-3.505612699999999649e+01
1.717717717717719972e+08	-3.490137734999999708e+01
1.718218218218219876e+08	-3.480466091000000262e+01
1.718718718718720078e+08	-3.470115756999999945e+01
1.719219219219219983e+08	-3.460967550000000159e+01
1.719719719719719887e+08	-3.444906929999999790e+01
1.720220220220220089e+08	-3.438925506000000354e+01
1.720720720720719993e+08	-3.423854581999999880e+01
1.721221221221219897e+08	-3.417581962999999945e+01
1.721721721721720099e+08	-3.417666636999999952e+01
1.722222222222220004e+08	-3.409424527000000182e+01
1.722722722722719908e+08	-3.381322184999999791e+01
1.723223223223220110e+08	-3.392048230000000331e+01
1.723723723723720014e+08	-3.391061804000000279e+01
1.724224224224219918e+08	-3.362524016999999787e+01
1.724724724724720120e+08	-3.371424429999999717e+01
1.725225225225229859e+08	-3.364742380999999938e+01
1.725725725725730062e+08	-3.351672440000000108e+01
1.726226226226229966e+08	-3.331330169000000296e+01
1.726726726726729870e+08	-3.330085298000000193e+01
1.727227227227230072e+08	-3.323138991999999803e+01
1.727727727727729976e+08	-3.319543116999999910e+01
1.728228228228229880e+08	-3.302063754999999645e+01
1.728728728728730083e+08	-3.312685264000000274e+01
1.729229229229229987e+08	-3.290476808999999747e+01
1.729729729729729891e+08	-3.294253750000000025e+01
1.730230230230230093e+08	-3.290291412999999920e+01
1.730730730730729997e+08	-3.265873220999999660e+01
1.731231231231229901e+08	-3.268672336000000200e+01
1.731731731731730103e+08	-3.267709200000000180e+01
1.732232232232230008e+08	-3.266166932000000145e+01
1.732732732732729912e+08	-3.262285905000000241e+01
1.733233233233230114e+08	-3.254922785000000118e+01
1.733733733733730018e+08	-3.246983369000000152e+01
1.734234234234229922e+08	-3.239603038999999995e+01
1.734734734734730124e+08	-3.221497171000000037e+01
1.735235235235239863e+08	-3.226714662999999916e+01
1.735735735735740066e+08	-3.219760517000000277e+01
1.736236236236239970e+08	-3.219980280000000050e+01
1.736736736736739874e+08	-3.214238629999999830e+01
1.737237237237240076e+08	-3.209456131999999684e+01
1.737737737737739980e+08	-3.200723881999999776e+01
1.738238238238239884e+08	-3.198277252000000104e+01
1.738738738738740087e+08	-3.201295770000000118e+01
1.739239239239239991e+08	-3.189172239000000175e+01
1.739739739739739895e+08	-3.182893741999999904e+01
1.740240240240240097e+08	-3.175673597999999842e+01
1.740740740740740001e+08	-3.182956392999999906e+01
1.741241241241239905e+08	-3.181579152999999849e+01
1.741741741741740108e+08	-3.172313739999999882e+01
1.742242242242240012e+08	-3.167391997000000003e+01
1.742742742742739916e+08	-3.167341376999999980e+01
1.743243243243240118e+08	-3.162938443999999905e+01
1.743743743743740022e+08	-3.161667800000000028e+01
1.744244244244239926e+08	-3.160618741000000043e+01
1.744744744744740129e+08	-3.141385406999999930e+01
1.745245245245249867e+08	-3.135471328999999940e+01
1.745745745745750070e+08	-3.136254141999999945e+01
1.746246246246249974e+08	-3.126590745000000027e+01
1.746746746746749878e+08	-3.134328301000000039e+01
1.747247247247250080e+08	-3.128650899000000152e+01
1.747747747747749984e+08	-3.124422149999999831e+01
1.748248248248249888e+08	-3.117349944000000050e+01
1.748748748748750091e+08	-3.118690047999999848e+01
1.749249249249249995e+08	-3.105085895999999934e+01
1.749749749749749899e+08	-3.115244346000000064e+01
1.750250250250250101e+08	-3.106396267999999949e+01
1.750750750750750005e+08	-3.100849290000000025e+01
1.751251251251249909e+08	-3.091109482999999969e+01
1.751751751751750112e+08	-3.097816930999999840e+01
1.752252252252250016e+08	-3.089611530999999900e+01
1.752752752752749920e+08	-3.091246656999999942e+01
1.753253253253250122e+08	-3.078824472999999884e+01
1.753753753753750026e+08	-3.089690208000000027e+01
1.754254254254249930e+08	-3.080490934999999908e+01
1.754754754754750133e+08	-3.073522385000000057e+01
1.755255255255259871e+08	-3.072369593000000165e+01
1.755755755755760074e+08	-3.072617023999999830e+01
1.756256256256259978e+08	-3.071233316000000002e+01
1.756756756756759882e+08	-3.071020511000000042e+01
1.757257257257260084e+08	-3.068382554000000084e+01
1.757757757757759988e+08	-3.063389833000000095e+01
1.758258258258259892e+08	-3.062622856999999854e+01
1.758758758758760095e+08	-3.059554594000000094e+01
1.759259259259259999e+08	-3.049109165999999860e+01
1.759759759759759903e+08	-3.045370212999999993e+01
1.760260260260260105e+08	-3.052697232999999954e+01
1.760760760760760009e+08	-3.038448115999999999e+01
1.761261261261259913e+08	-3.044251278000000127e+01
1.761761761761760116e+08	-3.039245939999999990e+01
1.762262262262260020e+08	-3.030478168999999866e+01
1.762762762762759924e+08	-3.038586560999999975e+01
1.763263263263260126e+08	-3.031413991999999880e+01
1.763763763763760030e+08	-3.032683520000000144e+01
1.764264264264259934e+08	-3.026823912000000050e+01
1.764764764764760137e+08	-3.032485010999999986e+01
1.765265265265269876e+08	-3.018068012000000166e+01
1.765765765765770078e+08	-3.025073434999999833e+01
1.766266266266269982e+08	-3.010368376999999995e+01
1.766766766766769886e+08	-3.017872450000000129e+01
1.767267267267270088e+08	-3.021896395999999996e+01
1.767767767767769992e+08	-3.016273140999999924e+01
1.768268268268269897e+08	-3.009383816000000067e+01
1.768768768768770099e+08	-3.005424417000000048e+01
1.769269269269270003e+08	-3.004954723000000172e+01
1.769769769769769907e+08	-3.000930934999999877e+01
1.770270270270270109e+08	-3.008009793000000087e+01
1.770770770770770013e+08	-2.996011263000000113e+01
1.771271271271269917e+08	-2.991327100999999899e+01
1.771771771771770120e+08	-2.992011151999999896e+01
1.772272272272270024e+08	-2.988608598000000072e+01
1.772772772772769928e+08	-2.988442054000000070e+01
1.773273273273270130e+08	-2.991652690000000092e+01
1.773773773773770034e+08	-2.984965324999999936e+01
1.774274274274269938e+08	-2.979534984000000009e+01
1.774774774774770141e+08	-2.976151250999999931e+01
1.775275275275279880e+08	-2.980229462999999868e+01
1.775775775775780082e+08	-2.976301743999999871e+01
1.776276276276279986e+08	-2.975653481000000156e+01
1.776776776776779890e+08	-2.976257813000000141e+01
1.777277277277280092e+08	-2.973488383999999840e+01
1.777777777777779996e+08	-2.967194307999999836e+01
1.778278278278279901e+08	-2.965409641999999835e+01
1.778778778778780103e+08	-2.959246776999999895e+01
1.779279279279280007e+08	-2.964001117999999835e+01
1.779779779779779911e+08	-2.951389955000000143e+01
1.780280280280280113e+08	-2.950355466999999976e+01
1.780780780780780017e+08	-2.952887420000000063e+01
1.781281281281279922e+08	-2.957960583999999926e+01
1.781781781781780124e+08	-2.944837097999999997e+01
1.782282282282280028e+08	-2.950460444999999865e+01
1.782782782782779932e+08	-2.953223616000000007e+01
1.783283283283280134e+08	-2.940059443999999900e+01
1.783783783783780038e+08	-2.947523229999999828e+01
1.784284284284279943e+08	-2.936786581000000140e+01
1.784784784784780145e+08	-2.943570598000000160e+01
1.785285285285289884e+08	-2.939606651000000070e+01
1.785785785785790086e+08	-2.934235715000000155e+01
1.786286286286289990e+08	-2.936320875999999913e+01
1.786786786786789894e+08	-2.926794858999999960e+01
1.787287287287290096e+08	-2.933968641999999960e+01
1.787787787787790000e+08	-2.932167193000000083e+01
1.788288288288289905e+08	-2.928615373999999960e+01
1.788788788788790107e+08	-2.923270460999999898e+01
1.789289289289290011e+08	-2.927105763000000138e+01
1.789789789789789915e+08	-2.924353693999999848e+01
1.790290290290290117e+08	-2.921419991000000138e+01
1.790790790790790021e+08	-2.920596984000000162e+01
1.791291291291289926e+08	-2.918108345999999997e+01
1.791791791791790128e+08	-2.917649869999999979e+01
1.792292292292290032e+08	-2.914735509000000135e+01
1.792792792792789936e+08	-2.912835516000000169e+01
1.793293293293290138e+08	-2.905300220000000166e+01
1.793793793793790042e+08	-2.908496218000000155e+01
1.794294294294289947e+08	-2.909368050000000139e+01
1.794794794794790149e+08	-2.908147651999999894e+01
1.795295295295299888e+08	-2.902667638000000139e+01
1.795795795795800090e+08	-2.903938862000000043e+01
1.796296296296299994e+08	-2.902129429000000016e+01
1.796796796796799898e+08	-2.895358159999999970e+01
1.797297297297300100e+08	-2.895535772999999935e+01
1.797797797797800004e+08	-2.896711377000000098e+01
1.798298298298299909e+08	-2.895086419000000078e+01
1.798798798798800111e+08	-2.896673094000000148e+01
1.799299299299300015e+08	-2.894981018000000006e+01
1.799799799799799919e+08	-2.886183310999999918e+01
1.800300300300300121e+08	-2.884416975999999977e+01
1.800800800800800025e+08	-2.890633374000000089e+01
1.801301301301299930e+08	-2.880864005999999833e+01
1.801801801801800132e+08	-2.882111610000000113e+01
1.802302302302300036e+08	-2.882102069000000100e+01
1.802802802802799940e+08	-2.877080615999999935e+01
1.803303303303300142e+08	-2.886407671999999991e+01
1.803803803803800046e+08	-2.879898989999999870e+01
1.804304304304299951e+08	-2.877394456000000034e+01
1.804804804804799855e+08	-2.872475163000000009e+01
1.805305305305309892e+08	-2.875008691000000027e+01
1.805805805805810094e+08	-2.872042821000000146e+01
1.806306306306309998e+08	-2.874501376999999991e+01
1.806806806806809902e+08	-2.866671799999999948e+01
1.807307307307310104e+08	-2.864725994999999870e+01
1.807807807807810009e+08	-2.867348035999999922e+01
1.808308308308309913e+08	-2.864828866999999946e+01
1.808808808808810115e+08	-2.864722420000000014e+01
1.809309309309310019e+08	-2.861858748999999946e+01
1.809809809809809923e+08	-2.861735613000000100e+01
1.810310310310310125e+08	-2.862408488000000162e+01
1.810810810810810030e+08	-2.861414308999999889e+01
1.811311311311309934e+08	-2.857621387000000013e+01
1.811811811811810136e+08	-2.852296473000000177e+01
1.812312312312310040e+08	-2.856713368999999858e+01
1.812812812812809944e+08	-2.851320184000000069e+01
1.813313313313310146e+08	-2.852349922999999876e+01
1.813813813813810050e+08	-2.851630206000000101e+01
1.814314314314309955e+08	-2.853046434999999903e+01
1.814814814814809859e+08	-2.847129212000000109e+01
1.815315315315319896e+08	-2.846242419000000012e+01
1.815815815815820098e+08	-2.843190968000000041e+01
1.816316316316320002e+08	-2.847356887000000114e+01
1.816816816816819906e+08	-2.842679612999999961e+01
1.817317317317320108e+08	-2.847846814000000037e+01
1.817817817817820013e+08	-2.839565934000000169e+01
1.818318318318319917e+08	-2.841092498000000077e+01
1.818818818818820119e+08	-2.837472603000000149e+01
1.819319319319320023e+08	-2.835592146999999841e+01
1.819819819819819927e+08	-2.842341906000000051e+01
1.820320320320320129e+08	-2.836891400000000019e+01
1.820820820820820034e+08	-2.831142453000000003e+01
1.821321321321319938e+08	-2.832348109000000136e+01
1.821821821821820140e+08	-2.827678522000000072e+01
1.822322322322320044e+08	-2.835416332000000139e+01
1.822822822822819948e+08	-2.829005679000000129e+01
1.823323323323319852e+08	-2.830257208000000091e+01
1.823823823823820055e+08	-2.828499520000000089e+01
1.824324324324319959e+08	-2.825502555999999998e+01
1.824824824824819863e+08	-2.828633174000000139e+01
1.825325325325329900e+08	-2.821830517000000071e+01
1.825825825825830102e+08	-2.825402277999999967e+01
1.826326326326330006e+08	-2.824460084000000037e+01
1.826826826826829910e+08	-2.824716927000000055e+01
1.827327327327330112e+08	-2.823146437000000120e+01
1.827827827827830017e+08	-2.819938013999999882e+01
1.828328328328329921e+08	-2.818229514000000080e+01
1.828828828828830123e+08	-2.818863204999999894e+01
1.829329329329330027e+08	-2.818179924000000014e+01
1.829829829829829931e+08	-2.815746556999999939e+01
1.830330330330330133e+08	-2.818099390000000071e+01
1.830830830830830038e+08	-2.811399717999999837e+01
1.831331331331329942e+08	-2.816464445000000083e+01
1.831831831831830144e+08	-2.809764274999999856e+01
1.832332332332330048e+08	-2.813418392999999895e+01
1.832832832832829952e+08	-2.811037436000000156e+01
1.833333333333329856e+08	-2.809562512999999839e+01
1.833833833833830059e+08	-2.815328196999999832e+01
1.834334334334329963e+08	-2.809774636999999942e+01
1.834834834834829867e+08	-2.807349304999999973e+01
1.835335335335339904e+08	-2.807619375999999889e+01
1.835835835835840106e+08	-2.806640625000000000e+01
1.836336336336340010e+08	-2.808191048999999850e+01
1.836836836836839914e+08	-2.804898942999999889e+01
1.837337337337340117e+08	-2.803280055000000104e+01
1.837837837837840021e+08	-2.805975755000000049e+01
1.838338338338339925e+08	-2.805045305999999883e+01
1.838838838838840127e+08	-2.803122665000000069e+01
1.839339339339340031e+08	-2.802979363000000035e+01
1.839839839839839935e+08	-2.801041123999999982e+01
1.840340340340340137e+08	-2.807259687999999898e+01
1.840840840840840042e+08	-2.803101464999999948e+01
1.841341341341339946e+08	-2.802901333000000150e+01
1.841841841841840148e+08	-2.800921861000000135e+01
1.842342342342340052e+08	-2.797331640999999891e+01
1.842842842842839956e+08	-2.797387621000000024e+01
1.843343343343339860e+08	-2.800359259000000023e+01
1.843843843843840063e+08	-2.801044897999999961e+01
1.844344344344339967e+08	-2.796824729000000076e+01
1.844844844844839871e+08	-2.794351199999999835e+01
1.845345345345349908e+08	-2.795385317999999941e+01
1.845845845845850110e+08	-2.797016148999999885e+01
1.846346346346350014e+08	-2.797717851000000167e+01
1.846846846846849918e+08	-2.798645226000000008e+01
1.847347347347350121e+08	-2.792378577999999933e+01
1.847847847847850025e+08	-2.798197893000000036e+01
1.848348348348349929e+08	-2.793903175999999888e+01
1.848848848848850131e+08	-2.792672183000000175e+01
1.849349349349350035e+08	-2.794913415999999984e+01
1.849849849849849939e+08	-2.793808733999999916e+01
1.850350350350350142e+08	-2.797270501999999937e+01
1.850850850850850046e+08	-2.789359195999999841e+01
1.851351351351349950e+08	-2.790335589000000027e+01
1.851851851851849854e+08	-2.794106221999999917e+01
1.852352352352350056e+08	-2.789352277000000058e+01
1.852852852852849960e+08	-2.789827471999999986e+01
1.853353353353349864e+08	-2.794292350999999996e+01
1.853853853853850067e+08	-2.790884060000000133e+01
1.854354354354349971e+08	-2.791842527000000018e+01
1.854854854854849875e+08	-2.791282653000000025e+01
1.855355355355359912e+08	-2.789624587000000133e+01
1.855855855855860114e+08	-2.791055392999999896e+01
1.856356356356360018e+08	-2.790900165000000044e+01
1.856856856856859922e+08	-2.791639203000000080e+01
1.857357357357360125e+08	-2.792687422999999924e+01
1.857857857857860029e+08	-2.785670993999999823e+01
1.858358358358359933e+08	-2.788477264999999861e+01
1.858858858858860135e+08	-2.791668651999999895e+01
1.859359359359360039e+08	-2.789243228000000130e+01
1.859859859859859943e+08	-2.789581935000000001e+01
1.860360360360360146e+08	-2.786831847999999923e+01
1.860860860860860050e+08	-2.789759197000000057e+01
1.861361361361359954e+08	-2.789058985000000135e+01
1.861861861861859858e+08	-2.790999603999999934e+01
1.862362362362360060e+08	-2.792383849999999867e+01
1.862862862862859964e+08	-2.787335599000000030e+01
1.863363363363359869e+08	-2.787980642000000131e+01
1.863863863863860071e+08	-2.787135174000000148e+01
1.864364364364359975e+08	-2.790693208000000070e+01
1.864864864864859879e+08	-2.791742534000000120e+01
1.865365365365369916e+08	-2.788302824999999885e+01
1.865865865865870118e+08	-2.793586184999999844e+01
1.866366366366370022e+08	-2.790115730999999855e+01
1.866866866866869926e+08	-2.790647265000000132e+01
1.867367367367370129e+08	-2.791697582999999838e+01
1.867867867867870033e+08	-2.789707787000000039e+01
1.868368368368369937e+08	-2.788634157999999985e+01
1.868868868868870139e+08	-2.789815194000000176e+01
1.869369369369370043e+08	-2.790485732000000141e+01
1.869869869869869947e+08	-2.787755552000000137e+01
1.870370370370369852e+08	-2.789213836000000057e+01
1.870870870870870054e+08	-2.790791966999999829e+01
1.871371371371369958e+08	-2.792122909000000064e+01
1.871871871871869862e+08	-2.789096213999999918e+01
1.872372372372370064e+08	-2.794492023999999830e+01
1.872872872872869968e+08	-2.794441219999999859e+01
1.873373373373369873e+08	-2.793086611000000019e+01
1.873873873873870075e+08	-2.792441021000000134e+01
1.874374374374369979e+08	-2.788539178999999990e+01
1.874874874874869883e+08	-2.789774882000000034e+01
1.875375375375379920e+08	-2.793540431999999996e+01
1.875875875875880122e+08	-2.791678766000000067e+01
1.876376376376380026e+08	-2.796236388000000161e+01
1.876876876876879930e+08	-2.794442589999999882e+01
1.877377377377380133e+08	-2.795405759000000145e+01
1.877877877877880037e+08	-2.793420010999999903e+01
1.878378378378379941e+08	-2.793574083000000030e+01
1.878878878878880143e+08	-2.794204226000000091e+01
1.879379379379380047e+08	-2.792367914000000084e+01
1.879879879879879951e+08	-2.792950936000000084e+01
1.880380380380379856e+08	-2.793918844999999962e+01
1.880880880880880058e+08	-2.795790086999999957e+01
1.881381381381379962e+08	-2.795547071000000017e+01
1.881881881881879866e+08	-2.794066885000000156e+01
1.882382382382380068e+08	-2.797029479000000052e+01
1.882882882882879972e+08	-2.792830256999999960e+01
1.883383383383379877e+08	-2.800181176999999977e+01
1.883883883883880079e+08	-2.797358450999999846e+01
1.884384384384379983e+08	-2.794979076999999990e+01
1.884884884884879887e+08	-2.797647445000000133e+01
1.885385385385389924e+08	-2.797645778000000050e+01
1.885885885885890126e+08	-2.795782140000000027e+01
1.886386386386390030e+08	-2.796397294000000144e+01
1.886886886886889935e+08	-2.800746102000000093e+01
1.887387387387390137e+08	-2.797756492999999978e+01
1.887887887887890041e+08	-2.798427030999999943e+01
1.888388388388389945e+08	-2.803764873000000080e+01
1.888888888888890147e+08	-2.799847851999999904e+01
1.889389389389390051e+08	-2.796836872000000085e+01
1.889889889889889956e+08	-2.801551880999999966e+01
1.890390390390389860e+08	-2.802112985999999850e+01
1.890890890890890062e+08	-2.798293852999999842e+01
1.891391391391389966e+08	-2.802290024999999929e+01
1.891891891891889870e+08	-2.804434957000000139e+01
1.892392392392390072e+08	-2.802719812999999860e+01
1.892892892892889977e+08	-2.806979567000000131e+01
1.893393393393389881e+08	-2.807604591999999855e+01
1.893893893893890083e+08	-2.807588711000000004e+01
1.894394394394389987e+08	-2.805933523999999935e+01
1.894894894894889891e+08	-2.805855999999999995e+01
1.895395395395399928e+08	-2.804111178999999865e+01
1.895895895895900130e+08	-2.806060102000000001e+01
1.896396396396400034e+08	-2.806655050000000173e+01
1.896896896896899939e+08	-2.807846390999999997e+01
1.897397397397400141e+08	-2.807733664999999945e+01
1.897897897897900045e+08	-2.808763945999999834e+01
1.898398398398399949e+08	-2.811449312999999961e+01
1.898898898898899853e+08	-2.808300652999999869e+01
1.899399399399400055e+08	-2.812988831999999917e+01
1.899899899899899960e+08	-2.811265613999999857e+01
1.900400400400399864e+08	-2.812381256000000107e+01
1.900900900900900066e+08	-2.812585461999999836e+01
1.901401401401399970e+08	-2.817270822000000052e+01
1.901901901901899874e+08	-2.812833442999999889e+01
1.902402402402400076e+08	-2.813662520999999828e+01
1.902902902902899981e+08	-2.813532946999999851e+01
1.903403403403399885e+08	-2.812814072000000110e+01
1.903903903903900087e+08	-2.813120092000000128e+01
1.904404404404399991e+08	-2.816098789000000124e+01
1.904904904904899895e+08	-2.814495416000000105e+01
1.905405405405409932e+08	-2.816943730999999929e+01
1.905905905905910134e+08	-2.817469386000000142e+01
1.906406406406410038e+08	-2.817955367000000066e+01
1.906906906906909943e+08	-2.819583122999999958e+01
1.907407407407410145e+08	-2.817531190000000052e+01
1.907907907907910049e+08	-2.821460190999999895e+01
1.908408408408409953e+08	-2.818142452000000020e+01
1.908908908908909857e+08	-2.818238931999999863e+01
1.909409409409410059e+08	-2.819302141000000006e+01
1.909909909909909964e+08	-2.818957849999999965e+01
1.910410410410409868e+08	-2.819812255000000079e+01
1.910910910910910070e+08	-2.818274225000000044e+01
1.911411411411409974e+08	-2.820448156999999867e+01
1.911911911911909878e+08	-2.820467886999999862e+01
1.912412412412410080e+08	-2.824504710000000074e+01
1.912912912912909985e+08	-2.822886403000000044e+01
1.913413413413409889e+08	-2.823530831000000063e+01
1.913913913913910091e+08	-2.822305791999999869e+01
1.914414414414409995e+08	-2.825585732000000050e+01
1.914914914914909899e+08	-2.823075642999999957e+01
1.915415415415419936e+08	-2.822117679000000123e+01
1.915915915915920138e+08	-2.829532572999999829e+01
1.916416416416420043e+08	-2.827869714999999928e+01
1.916916916916919947e+08	-2.823829014000000015e+01
1.917417417417420149e+08	-2.824075786999999949e+01
1.917917917917920053e+08	-2.829080953000000065e+01
1.918418418418419957e+08	-2.827875925000000024e+01
1.918918918918919861e+08	-2.827439827999999977e+01
1.919419419419420063e+08	-2.827114062000000061e+01
1.919919919919919968e+08	-2.832423285999999862e+01
1.920420420420419872e+08	-2.829220297999999900e+01
1.920920920920920074e+08	-2.826790696999999852e+01
1.921421421421419978e+08	-2.829000279999999989e+01
1.921921921921919882e+08	-2.831777526999999850e+01
1.922422422422420084e+08	-2.830009473999999869e+01
1.922922922922919989e+08	-2.830534373000000059e+01
1.923423423423419893e+08	-2.833028494999999936e+01
1.923923923923920095e+08	-2.831821022999999826e+01
1.924424424424419999e+08	-2.832049045999999848e+01
1.924924924924919903e+08	-2.833084686999999846e+01
1.925425425425429940e+08	-2.831910956999999840e+01
1.925925925925930142e+08	-2.835838494000000054e+01
1.926426426426430047e+08	-2.838094660000000147e+01
1.926926926926929951e+08	-2.838472913000000020e+01
1.927427427427429855e+08	-2.837586053000000064e+01
1.927927927927930057e+08	-2.835921829999999844e+01
1.928428428428429961e+08	-2.837459109999999995e+01
1.928928928928929865e+08	-2.833003756000000095e+01
1.929429429429430068e+08	-2.838736998999999983e+01
1.929929929929929972e+08	-2.836199251000000032e+01
1.930430430430429876e+08	-2.836650584999999936e+01
1.930930930930930078e+08	-2.835049974000000006e+01
1.931431431431429982e+08	-2.840582686999999851e+01
1.931931931931929886e+08	-2.839681136000000095e+01
1.932432432432430089e+08	-2.838947826000000063e+01
1.932932932932929993e+08	-2.840402909000000164e+01
1.933433433433429897e+08	-2.839459430000000140e+01
1.933933933933930099e+08	-2.840537107999999833e+01
1.934434434434430003e+08	-2.837946038999999843e+01
1.934934934934929907e+08	-2.842775036000000100e+01
1.935435435435439944e+08	-2.841891139000000166e+01
1.935935935935940146e+08	-2.840969941000000176e+01
1.936436436436440051e+08	-2.840938230000000075e+01
1.936936936936939955e+08	-2.838605978000000007e+01
1.937437437437439859e+08	-2.840969820999999840e+01
1.937937937937940061e+08	-2.846451555999999883e+01
1.938438438438439965e+08	-2.844029778000000164e+01
1.938938938938939869e+08	-2.843062627000000120e+01
1.939439439439440072e+08	-2.842088834000000119e+01
1.939939939939939976e+08	-2.843201282000000063e+01
1.940440440440439880e+08	-2.846799650000000170e+01
1.940940940940940082e+08	-2.846922452000000092e+01
1.941441441441439986e+08	-2.844695039000000136e+01
1.941941941941939890e+08	-2.846482458999999920e+01
1.942442442442440093e+08	-2.842679590999999917e+01
1.942942942942939997e+08	-2.845809553999999864e+01
1.943443443443439901e+08	-2.846538119999999950e+01
1.943943943943940103e+08	-2.841558563999999976e+01
1.944444444444440007e+08	-2.844938871000000091e+01
1.944944944944939911e+08	-2.846948761999999888e+01
1.945445445445449948e+08	-2.844045700999999937e+01
1.945945945945949852e+08	-2.847394229000000010e+01
1.946446446446450055e+08	-2.847935007999999968e+01
1.946946946946949959e+08	-2.848559712000000133e+01
1.947447447447449863e+08	-2.844947498999999880e+01
1.947947947947950065e+08	-2.844129926000000097e+01
1.948448448448449969e+08	-2.844826568999999949e+01
1.948948948948949873e+08	-2.843899632000000111e+01
1.949449449449450076e+08	-2.843026280999999855e+01
1.949949949949949980e+08	-2.845877697999999967e+01
1.950450450450449884e+08	-2.844408204999999867e+01
1.950950950950950086e+08	-2.845382834999999844e+01
1.951451451451449990e+08	-2.846483853999999880e+01
1.951951951951949894e+08	-2.845431686999999954e+01
1.952452452452450097e+08	-2.845807164000000000e+01
1.952952952952950001e+08	-2.850730047000000056e+01
1.953453453453449905e+08	-2.848917486999999937e+01
1.953953953953950107e+08	-2.845263170000000130e+01
1.954454454454450011e+08	-2.854335469000000103e+01
1.954954954954949915e+08	-2.847836024000000066e+01
1.955455455455459952e+08	-2.847647883000000135e+01
1.955955955955959857e+08	-2.849502208999999908e+01
1.956456456456460059e+08	-2.844746042999999958e+01
1.956956956956959963e+08	-2.845854334999999935e+01
1.957457457457459867e+08	-2.848289017000000101e+01
1.957957957957960069e+08	-2.850890290999999976e+01
1.958458458458459973e+08	-2.845085186000000022e+01
1.958958958958959877e+08	-2.846150147999999902e+01
1.959459459459460080e+08	-2.846725198000000034e+01
1.959959959959959984e+08	-2.844697408000000038e+01
1.960460460460459888e+08	-2.851628597999999926e+01
1.960960960960960090e+08	-2.842553466000000029e+01
1.961461461461459994e+08	-2.852958029999999923e+01
1.961961961961959898e+08	-2.845822300000000027e+01
1.962462462462460101e+08	-2.846440720000000013e+01
1.962962962962960005e+08	-2.848329877000000110e+01
1.963463463463459909e+08	-2.850225856000000135e+01
1.963963963963960111e+08	-2.850099085000000088e+01
1.964464464464460015e+08	-2.845938607000000076e+01
1.964964964964959919e+08	-2.847086668000000031e+01
1.965465465465469956e+08	-2.846123556999999948e+01
1.965965965965969861e+08	-2.848281270000000021e+01
1.966466466466470063e+08	-2.847132553999999871e+01
1.966966966966969967e+08	-2.846381767999999823e+01
1.967467467467469871e+08	-2.849001879000000059e+01
1.967967967967970073e+08	-2.846373101000000005e+01
1.968468468468469977e+08	-2.846275956999999934e+01
1.968968968968969882e+08	-2.844840517000000091e+01
1.969469469469470084e+08	-2.849070117000000124e+01
1.969969969969969988e+08	-2.849185989000000063e+01
1.970470470470469892e+08	-2.849088099000000085e+01
1.970970970970970094e+08	-2.843734711999999831e+01
1.971471471471469998e+08	-2.848559394000000111e+01
1.971971971971969903e+08	-2.843303883000000098e+01
1.972472472472470105e+08	-2.848470518999999967e+01
1.972972972972970009e+08	-2.847266959999999969e+01
1.973473473473469913e+08	-2.848392210000000091e+01
1.973973973973970115e+08	-2.848051123999999845e+01
1.974474474474470019e+08	-2.845194984000000105e+01
1.974974974974969923e+08	-2.846996577000000173e+01
1.975475475475479960e+08	-2.846384940000000086e+01
1.975975975975979865e+08	-2.843008352000000016e+01
1.976476476476480067e+08	-2.850808366000000049e+01
1.976976976976979971e+08	-2.850929082000000037e+01
1.977477477477479875e+08	-2.843277653999999899e+01
1.977977977977980077e+08	-2.843750732000000170e+01
1.978478478478479981e+08	-2.846599275999999890e+01
1.978978978978979886e+08	-2.844635015000000067e+01
1.979479479479480088e+08	-2.843478202000000010e+01
1.979979979979979992e+08	-2.845164983000000092e+01
1.980480480480479896e+08	-2.844299149000000071e+01
1.980980980980980098e+08	-2.844421469999999985e+01
1.981481481481480002e+08	-2.838782293999999951e+01
1.981981981981979907e+08	-2.844617801000000057e+01
1.982482482482480109e+08	-2.846599991000000074e+01
1.982982982982980013e+08	-2.842780538999999962e+01
1.983483483483479917e+08	-2.839674455999999836e+01
1.983983983983980119e+08	-2.845194761000000128e+01
1.984484484484480023e+08	-2.845347350999999847e+01
1.984984984984979928e+08	-2.844476015000000046e+01
1.985485485485489964e+08	-2.847312640000000172e+01
1.985985985985989869e+08	-2.844075223000000108e+01
1.986486486486490071e+08	-2.846641753000000108e+01
1.986986986986989975e+08	-2.839219203000000036e+01
1.987487487487489879e+08	-2.840912446000000102e+01
1.987987987987990081e+08	-2.841602809000000107e+01
1.988488488488489985e+08	-2.842298084999999830e+01
1.988988988988989890e+08	-2.846012848999999889e+01
1.989489489489490092e+08	-2.839346863999999826e+01
1.989989989989989996e+08	-2.841013476999999909e+01
1.990490490490489900e+08	-2.837584272999999868e+01
1.990990990990990102e+08	-2.840089959999999891e+01
1.991491491491490006e+08	-2.844985717999999864e+01
1.991991991991989911e+08	-2.839363801000000009e+01
1.992492492492490113e+08	-2.837315265000000153e+01
1.992992992992990017e+08	-2.838141115999999897e+01
1.993493493493489921e+08	-2.841914025000000166e+01
1.993993993993990123e+08	-2.841523650999999973e+01
1.994494494494490027e+08	-2.842671925999999871e+01
1.994994994994989932e+08	-2.838801849000000033e+01
1.995495495495499969e+08	-2.837500887999999932e+01
1.995995995995999873e+08	-2.842410122000000072e+01
1.996496496496500075e+08	-2.842677124000000077e+01
1.996996996996999979e+08	-2.838092694999999921e+01
1.997497497497499883e+08	-2.842413249999999891e+01
1.997997997998000085e+08	-2.841094539999999924e+01
1.998498498498499990e+08	-2.841333559999999991e+01
1.998998998998999894e+08	-2.837218822999999901e+01
1.999499499499500096e+08	-2.843371139999999997e+01
2.000000000000000000e+08	-2.837486698000000018e+01
