# X 	 Y
1.500000000000000000e+08	-3.044863631000000126e+01
1.500500500500499904e+08	-3.042534159999999943e+01
1.501001001001000106e+08	-3.049667733000000069e+01
1.501501501501500010e+08	-3.041945008000000072e+01
1.502002002001999915e+08	-3.041161367999999854e+01
1.502502502502500117e+08	-3.037235770999999929e+01
1.503003003003000021e+08	-3.037616252999999844e+01
1.503503503503499925e+08	-3.037070565000000144e+01
1.504004004004000127e+08	-3.041971399999999903e+01
1.504504504504500031e+08	-3.038233505999999906e+01
1.505005005005010068e+08	-3.036358313999999936e+01
1.505505505505509973e+08	-3.028223175000000111e+01
1.506006006006009877e+08	-3.033149874000000068e+01
1.506506506506510079e+08	-3.036420577999999892e+01
1.507007007007009983e+08	-3.039612752000000029e+01
1.507507507507509887e+08	-3.042721009999999993e+01
1.508008008008010089e+08	-3.034114878999999831e+01
1.508508508508509994e+08	-3.030142470999999915e+01
1.509009009009009898e+08	-3.030374369000000101e+01
1.509509509509510100e+08	-3.035447304999999929e+01
1.510010010010010004e+08	-3.029808262999999968e+01
1.510510510510509908e+08	-3.038248705000000172e+01
1.511011011011010110e+08	-3.028031294000000173e+01
1.511511511511510015e+08	-3.026364810000000105e+01
1.512012012012009919e+08	-3.037322823999999954e+01
1.512512512512510121e+08	-3.029521069000000111e+01
1.513013013013010025e+08	-3.019801873000000114e+01
1.513513513513509929e+08	-3.027075881000000024e+01
1.514014014014010131e+08	-3.023180315999999834e+01
1.514514514514510036e+08	-3.018139061999999839e+01
1.515015015015020072e+08	-3.021320515000000029e+01
1.515515515515519977e+08	-3.023849295000000126e+01
1.516016016016019881e+08	-3.028107432999999915e+01
1.516516516516520083e+08	-3.015525023000000004e+01
1.517017017017019987e+08	-3.022909290999999854e+01
1.517517517517519891e+08	-3.018425330999999900e+01
1.518018018018020093e+08	-3.017514140000000111e+01
1.518518518518519998e+08	-3.013166134000000085e+01
1.519019019019019902e+08	-3.016655081000000038e+01
1.519519519519520104e+08	-3.016988365999999999e+01
1.520020020020020008e+08	-3.016421511000000066e+01
1.520520520520519912e+08	-3.023214079999999981e+01
1.521021021021020114e+08	-3.017325204000000127e+01
1.521521521521520019e+08	-3.016679287999999914e+01
1.522022022022019923e+08	-3.012462787000000120e+01
1.522522522522520125e+08	-3.007162751999999983e+01
1.523023023023020029e+08	-3.010713403999999827e+01
1.523523523523519933e+08	-3.009323602999999991e+01
1.524024024024020135e+08	-2.999423149000000066e+01
1.524524524524520040e+08	-3.008119645000000020e+01
1.525025025025030077e+08	-3.008113064000000136e+01
1.525525525525529981e+08	-3.012008608000000009e+01
1.526026026026029885e+08	-3.009101649000000123e+01
1.526526526526530087e+08	-2.999964183000000162e+01
1.527027027027029991e+08	-3.007469934999999950e+01
1.527527527527529895e+08	-3.011748564999999900e+01
1.528028028028030097e+08	-3.004704122000000055e+01
1.528528528528530002e+08	-3.001843968000000018e+01
1.529029029029029906e+08	-3.003747982999999877e+01
1.529529529529530108e+08	-2.999811915000000084e+01
1.530030030030030012e+08	-2.999712137999999939e+01
1.530530530530529916e+08	-2.990462945000000161e+01
1.531031031031030118e+08	-3.001007071000000082e+01
1.531531531531530023e+08	-2.993076854999999981e+01
1.532032032032029927e+08	-2.994569067999999845e+01
1.532532532532530129e+08	-3.002995510999999951e+01
1.533033033033030033e+08	-2.997712113000000045e+01
1.533533533533529937e+08	-2.993793971999999926e+01
1.534034034034030139e+08	-2.988201188000000030e+01
1.534534534534530044e+08	-2.984393392999999861e+01
1.535035035035040081e+08	-2.991001228000000012e+01
1.535535535535539985e+08	-2.992299923999999933e+01
1.536036036036039889e+08	-2.982759198999999839e+01
1.536536536536540091e+08	-2.984739172000000096e+01
1.537037037037039995e+08	-2.987950144999999935e+01
1.537537537537539899e+08	-2.979006194000000107e+01
1.538038038038040102e+08	-2.970456910000000050e+01
1.538538538538540006e+08	-2.977935332999999929e+01
1.539039039039039910e+08	-2.970017255999999861e+01
1.539539539539540112e+08	-2.979615593999999845e+01
1.540040040040040016e+08	-2.975355516999999850e+01
1.540540540540539920e+08	-2.973210260000000105e+01
1.541041041041040123e+08	-2.966827969999999937e+01
1.541541541541540027e+08	-2.978779790000000105e+01
1.542042042042039931e+08	-2.975413220000000081e+01
1.542542542542540133e+08	-2.962339904999999973e+01
1.543043043043040037e+08	-2.968326266000000047e+01
1.543543543543539941e+08	-2.967645991999999922e+01
1.544044044044040143e+08	-2.962797012000000052e+01
1.544544544544540048e+08	-2.959183644000000157e+01
1.545045045045050085e+08	-2.956019643999999857e+01
1.545545545545549989e+08	-2.964784321000000133e+01
1.546046046046049893e+08	-2.964592804000000115e+01
1.546546546546550095e+08	-2.952888314999999864e+01
1.547047047047049999e+08	-2.953209967000000091e+01
1.547547547547549903e+08	-2.934985289999999836e+01
1.548048048048050106e+08	-2.952624261000000061e+01
1.548548548548550010e+08	-2.946471421000000035e+01
1.549049049049049914e+08	-2.947164485000000056e+01
1.549549549549550116e+08	-2.932777974000000043e+01
1.550050050050050020e+08	-2.929652524999999841e+01
1.550550550550549924e+08	-2.927114208000000062e+01
1.551051051051050127e+08	-2.930453285999999835e+01
1.551551551551550031e+08	-2.921766325999999836e+01
1.552052052052049935e+08	-2.927872484999999969e+01
1.552552552552550137e+08	-2.922388094000000081e+01
1.553053053053050041e+08	-2.917328125999999955e+01
1.553553553553549945e+08	-2.917403214000000133e+01
1.554054054054050148e+08	-2.915391980000000061e+01
1.554554554554550052e+08	-2.910683982999999841e+01
1.555055055055060089e+08	-2.910148786999999970e+01
1.555555555555559993e+08	-2.905126686999999919e+01
1.556056056056059897e+08	-2.899876812999999842e+01
1.556556556556560099e+08	-2.888949892000000119e+01
1.557057057057060003e+08	-2.893087991000000159e+01
1.557557557557559907e+08	-2.882752371999999852e+01
1.558058058058060110e+08	-2.887253275000000130e+01
1.558558558558560014e+08	-2.876840358999999836e+01
1.559059059059059918e+08	-2.877614059000000069e+01
1.559559559559560120e+08	-2.869339489000000043e+01
1.560060060060060024e+08	-2.868610372999999925e+01
1.560560560560559928e+08	-2.871225654999999932e+01
1.561061061061060131e+08	-2.855893887999999947e+01
1.561561561561560035e+08	-2.847501147999999915e+01
1.562062062062059939e+08	-2.840525433000000177e+01
1.562562562562560141e+08	-2.841033854000000147e+01
1.563063063063060045e+08	-2.836027930999999924e+01
1.563563563563559949e+08	-2.827177683000000030e+01
1.564064064064059854e+08	-2.811679807000000153e+01
1.564564564564560056e+08	-2.805894351999999969e+01
1.565065065065070093e+08	-2.803043226999999860e+01
1.565565565565569997e+08	-2.800473407999999864e+01
1.566066066066069901e+08	-2.793131028000000171e+01
1.566566566566570103e+08	-2.790217575999999866e+01
1.567067067067070007e+08	-2.776104806000000025e+01
1.567567567567569911e+08	-2.775214736999999943e+01
1.568068068068070114e+08	-2.765505874000000119e+01
1.568568568568570018e+08	-2.757217250000000064e+01
1.569069069069069922e+08	-2.745564914999999928e+01
1.569569569569570124e+08	-2.741353476999999828e+01
1.570070070070070028e+08	-2.727351130999999995e+01
1.570570570570569932e+08	-2.718289014000000137e+01
1.571071071071070135e+08	-2.709286025000000109e+01
1.571571571571570039e+08	-2.698420269000000005e+01
1.572072072072069943e+08	-2.689571062999999995e+01
1.572572572572570145e+08	-2.680431653000000125e+01
1.573073073073070049e+08	-2.673588885999999931e+01
1.573573573573569953e+08	-2.660279423000000065e+01
1.574074074074069858e+08	-2.653092248999999825e+01
1.574574574574570060e+08	-2.638297787000000127e+01
1.575075075075080097e+08	-2.633864674000000150e+01
1.575575575575580001e+08	-2.613920889999999986e+01
1.576076076076079905e+08	-2.610103840000000019e+01
1.576576576576580107e+08	-2.603737526000000102e+01
1.577077077077080011e+08	-2.591826694999999958e+01
1.577577577577579916e+08	-2.584831257000000093e+01
1.578078078078080118e+08	-2.575434646000000072e+01
1.578578578578580022e+08	-2.566255552000000151e+01
1.579079079079079926e+08	-2.563851010000000130e+01
1.579579579579580128e+08	-2.559058858999999941e+01
1.580080080080080032e+08	-2.556560238999999868e+01
1.580580580580579937e+08	-2.554102466000000149e+01
1.581081081081080139e+08	-2.551626751999999954e+01
1.581581581581580043e+08	-2.556093485999999970e+01
1.582082082082079947e+08	-2.560620832000000036e+01
1.582582582582579851e+08	-2.565750640999999987e+01
1.583083083083080053e+08	-2.574189194999999941e+01
1.583583583583579957e+08	-2.583913563999999852e+01
1.584084084084079862e+08	-2.593733544999999907e+01
1.584584584584580064e+08	-2.608711581000000024e+01
1.585085085085090101e+08	-2.629581240999999991e+01
1.585585585585590005e+08	-2.646718869000000041e+01
1.586086086086089909e+08	-2.665108603999999914e+01
1.586586586586590111e+08	-2.684420756000000097e+01
1.587087087087090015e+08	-2.703225399999999823e+01
1.587587587587589920e+08	-2.730609331000000140e+01
1.588088088088090122e+08	-2.753700071000000094e+01
1.588588588588590026e+08	-2.781971426999999863e+01
1.589089089089089930e+08	-2.803450554999999866e+01
1.589589589589590132e+08	-2.830008984999999910e+01
1.590090090090090036e+08	-2.853264426000000142e+01
1.590590590590589941e+08	-2.875743602000000010e+01
1.591091091091090143e+08	-2.899886024999999989e+01
1.591591591591590047e+08	-2.925627568000000167e+01
1.592092092092089951e+08	-2.946567741000000140e+01
1.592592592592589855e+08	-2.973767995000000042e+01
1.593093093093090057e+08	-2.995468195999999850e+01
1.593593593593589962e+08	-3.009792065999999977e+01
1.594094094094089866e+08	-3.035357958999999894e+01
1.594594594594590068e+08	-3.056142861000000011e+01
1.595095095095100105e+08	-3.074549303999999950e+01
1.595595595595600009e+08	-3.092939150999999853e+01
1.596096096096099913e+08	-3.109450016999999988e+01
1.596596596596600115e+08	-3.121500312999999949e+01
1.597097097097100019e+08	-3.136261065000000059e+01
1.597597597597599924e+08	-3.144415494000000066e+01
1.598098098098100126e+08	-3.168321528999999970e+01
1.598598598598600030e+08	-3.180912103000000002e+01
1.599099099099099934e+08	-3.190784368999999998e+01
1.599599599599600136e+08	-3.202004520999999926e+01
1.600100100100100040e+08	-3.211234500999999852e+01
1.600600600600599945e+08	-3.231497526999999792e+01
1.601101101101100147e+08	-3.216082521999999955e+01
1.601601601601600051e+08	-3.237096756999999769e+01
1.602102102102099955e+08	-3.245607680999999900e+01
1.602602602602599859e+08	-3.247082034000000306e+01
1.603103103103100061e+08	-3.258713864999999998e+01
1.603603603603599966e+08	-3.262797046000000023e+01
1.604104104104099870e+08	-3.271410405999999682e+01
1.604604604604600072e+08	-3.289255416000000309e+01
1.605105105105110109e+08	-3.282995563000000061e+01
1.605605605605610013e+08	-3.291265549999999962e+01
1.606106106106109917e+08	-3.299618138000000300e+01
1.606606606606610119e+08	-3.296186938000000310e+01
1.607107107107110023e+08	-3.304171474000000330e+01
1.607607607607609928e+08	-3.306472527999999755e+01
1.608108108108110130e+08	-3.320120118999999903e+01
1.608608608608610034e+08	-3.319027406000000013e+01
1.609109109109109938e+08	-3.329989229000000250e+01
1.609609609609610140e+08	-3.323797008999999747e+01
1.610110110110110044e+08	-3.328439834000000275e+01
1.610610610610609949e+08	-3.337952139000000074e+01
1.611111111111109853e+08	-3.330617982999999782e+01
1.611611611611610055e+08	-3.340456745000000183e+01
1.612112112112109959e+08	-3.333042249999999740e+01
1.612612612612609863e+08	-3.334117044999999990e+01
1.613113113113110065e+08	-3.326593436000000281e+01
1.613613613613609970e+08	-3.332140854000000019e+01
1.614114114114109874e+08	-3.340813676999999871e+01
1.614614614614610076e+08	-3.331516009999999994e+01
1.615115115115120113e+08	-3.337550221000000050e+01
1.615615615615620017e+08	-3.342495972999999765e+01
1.616116116116119921e+08	-3.350598965999999734e+01
1.616616616616620123e+08	-3.338910521999999759e+01
1.617117117117120028e+08	-3.338289876999999706e+01
1.617617617617619932e+08	-3.338475121999999828e+01
1.618118118118120134e+08	-3.344070133000000311e+01
1.618618618618620038e+08	-3.354673272000000139e+01
1.619119119119119942e+08	-3.362719349000000335e+01
1.619619619619620144e+08	-3.361414831999999819e+01
1.620120120120120049e+08	-3.348531539999999751e+01
1.620620620620619953e+08	-3.352600163000000322e+01
1.621121121121119857e+08	-3.358544461000000325e+01
1.621621621621620059e+08	-3.342971015999999906e+01
1.622122122122119963e+08	-3.365262945999999999e+01
1.622622622622619867e+08	-3.362525208999999649e+01
1.623123123123120070e+08	-3.366919816000000054e+01
1.623623623623619974e+08	-3.358213400999999720e+01
1.624124124124119878e+08	-3.358186766000000034e+01
1.624624624624620080e+08	-3.353327656999999817e+01
1.625125125125130117e+08	-3.363738115999999678e+01
1.625625625625630021e+08	-3.358111181999999673e+01
1.626126126126129925e+08	-3.354675678000000261e+01
1.626626626626630127e+08	-3.357539936999999952e+01
1.627127127127130032e+08	-3.366021185999999688e+01
1.627627627627629936e+08	-3.370634607000000216e+01
1.628128128128130138e+08	-3.377931636000000282e+01
1.628628628628630042e+08	-3.376215455999999904e+01
1.629129129129129946e+08	-3.376168452000000286e+01
1.629629629629630148e+08	-3.387040163999999720e+01
1.630130130130130053e+08	-3.371528229999999837e+01
1.630630630630629957e+08	-3.383411862999999897e+01
1.631131131131129861e+08	-3.385565302999999915e+01
1.631631631631630063e+08	-3.379697990999999746e+01
1.632132132132129967e+08	-3.381799313999999868e+01
1.632632632632629871e+08	-3.370990342999999712e+01
1.633133133133130074e+08	-3.380823809000000324e+01
1.633633633633629978e+08	-3.388345326999999685e+01
1.634134134134129882e+08	-3.375768434999999812e+01
1.634634634634630084e+08	-3.380108843000000007e+01
1.635135135135140121e+08	-3.359301967999999761e+01
1.635635635635640025e+08	-3.400646736000000203e+01
1.636136136136139929e+08	-3.383305488999999966e+01
1.636636636636640131e+08	-3.395502367000000277e+01
1.637137137137140036e+08	-3.388501317000000057e+01
1.637637637637639940e+08	-3.388627675000000039e+01
1.638138138138140142e+08	-3.392835763000000071e+01
1.638638638638640046e+08	-3.403843693000000314e+01
1.639139139139139950e+08	-3.397660445000000351e+01
1.639639639639639854e+08	-3.401631289000000180e+01
1.640140140140140057e+08	-3.401028952000000061e+01
1.640640640640639961e+08	-3.400385313999999681e+01
1.641141141141139865e+08	-3.397626952000000244e+01
1.641641641641640067e+08	-3.407428954000000232e+01
1.642142142142139971e+08	-3.406663435000000106e+01
1.642642642642639875e+08	-3.415267891999999961e+01
1.643143143143140078e+08	-3.397061388000000193e+01
1.643643643643639982e+08	-3.410455206999999689e+01
1.644144144144139886e+08	-3.411424094000000196e+01
1.644644644644640088e+08	-3.416645124000000067e+01
1.645145145145150125e+08	-3.416244318999999763e+01
1.645645645645650029e+08	-3.414149591999999700e+01
1.646146146146149933e+08	-3.417146098999999992e+01
1.646646646646650136e+08	-3.430188524999999800e+01
1.647147147147150040e+08	-3.429426030999999853e+01
1.647647647647649944e+08	-3.414464617000000146e+01
1.648148148148150146e+08	-3.419196803999999901e+01
1.648648648648650050e+08	-3.420560365000000047e+01
1.649149149149149954e+08	-3.436290968000000134e+01
1.649649649649649858e+08	-3.430762091999999797e+01
1.650150150150150061e+08	-3.432380590000000353e+01
1.650650650650649965e+08	-3.429276269000000354e+01
1.651151151151149869e+08	-3.432656105000000224e+01
1.651651651651650071e+08	-3.431750663999999773e+01
1.652152152152149975e+08	-3.464254843999999878e+01
1.652652652652649879e+08	-3.443410859000000102e+01
1.653153153153150082e+08	-3.439803718000000288e+01
1.653653653653649986e+08	-3.451104363000000319e+01
1.654154154154149890e+08	-3.460662239999999912e+01
1.654654654654650092e+08	-3.463315322999999779e+01
1.655155155155160129e+08	-3.462021241000000060e+01
1.655655655655660033e+08	-3.460964551000000000e+01
1.656156156156159937e+08	-3.472410713000000015e+01
1.656656656656660140e+08	-3.470885587000000072e+01
1.657157157157160044e+08	-3.474032771000000253e+01
1.657657657657659948e+08	-3.480525561000000323e+01
1.658158158158159852e+08	-3.467006599999999850e+01
1.658658658658660054e+08	-3.457941504000000066e+01
1.659159159159159958e+08	-3.489856669000000267e+01
1.659659659659659863e+08	-3.475539520000000238e+01
1.660160160160160065e+08	-3.473168670999999819e+01
1.660660660660659969e+08	-3.469620659999999646e+01
1.661161161161159873e+08	-3.474631431000000248e+01
1.661661661661660075e+08	-3.498597646999999711e+01
1.662162162162159979e+08	-3.481133833999999894e+01
1.662662662662659883e+08	-3.493066437000000235e+01
1.663163163163160086e+08	-3.501894966999999781e+01
1.663663663663659990e+08	-3.486707314000000224e+01
1.664164164164159894e+08	-3.493315154999999805e+01
1.664664664664660096e+08	-3.501303659999999951e+01
1.665165165165170133e+08	-3.503141508000000215e+01
1.665665665665670037e+08	-3.504372498000000036e+01
1.666166166166169941e+08	-3.513151749000000024e+01
1.666666666666670144e+08	-3.510436408999999713e+01
1.667167167167170048e+08	-3.511602314000000291e+01
1.667667667667669952e+08	-3.507582668999999953e+01
1.668168168168169856e+08	-3.509424629000000095e+01
1.668668668668670058e+08	-3.511077437000000145e+01
1.669169169169169962e+08	-3.514574675000000070e+01
1.669669669669669867e+08	-3.515213301000000001e+01
1.670170170170170069e+08	-3.515482022999999856e+01
1.670670670670669973e+08	-3.521055830000000242e+01
1.671171171171169877e+08	-3.526127189999999700e+01
1.671671671671670079e+08	-3.528876362999999827e+01
1.672172172172169983e+08	-3.534654840999999692e+01
1.672672672672669888e+08	-3.527342918000000083e+01
1.673173173173170090e+08	-3.516307283999999811e+01
1.673673673673669994e+08	-3.526494301999999692e+01
1.674174174174169898e+08	-3.522775356999999730e+01
1.674674674674670100e+08	-3.519481385000000273e+01
1.675175175175180137e+08	-3.521310599000000252e+01
1.675675675675680041e+08	-3.525541479000000322e+01
1.676176176176179945e+08	-3.530519558999999674e+01
1.676676676676680148e+08	-3.529909394999999961e+01
1.677177177177180052e+08	-3.540290480000000173e+01
1.677677677677679956e+08	-3.525485905000000031e+01
1.678178178178179860e+08	-3.523448669999999794e+01
1.678678678678680062e+08	-3.524563163999999915e+01
1.679179179179179966e+08	-3.524279058999999847e+01
1.679679679679679871e+08	-3.543665576000000073e+01
1.680180180180180073e+08	-3.538009811999999954e+01
1.680680680680679977e+08	-3.528738189999999975e+01
1.681181181181179881e+08	-3.537784709999999677e+01
1.681681681681680083e+08	-3.518689012000000105e+01
1.682182182182179987e+08	-3.535146851999999740e+01
1.682682682682679892e+08	-3.535176443000000290e+01
1.683183183183180094e+08	-3.521312909000000246e+01
1.683683683683679998e+08	-3.530852104000000224e+01
1.684184184184179902e+08	-3.532726252999999872e+01
1.684684684684680104e+08	-3.536194011999999987e+01
1.685185185185190141e+08	-3.527310813999999795e+01
1.685685685685690045e+08	-3.529134567999999916e+01
1.686186186186189950e+08	-3.520918865000000153e+01
1.686686686686689854e+08	-3.537526802000000004e+01
1.687187187187190056e+08	-3.512423943000000293e+01
1.687687687687689960e+08	-3.537061975000000302e+01
1.688188188188189864e+08	-3.508978282999999720e+01
1.688688688688690066e+08	-3.502462449000000078e+01
1.689189189189189970e+08	-3.513320972000000353e+01
1.689689689689689875e+08	-3.512363814999999789e+01
1.690190190190190077e+08	-3.512505432999999755e+01
1.690690690690689981e+08	-3.515012741000000318e+01
1.691191191191189885e+08	-3.502238453999999734e+01
1.691691691691690087e+08	-3.492177805000000035e+01
1.692192192192189991e+08	-3.504765402000000307e+01
1.692692692692689896e+08	-3.506765425999999763e+01
1.693193193193190098e+08	-3.500465874000000355e+01
1.693693693693690002e+08	-3.498969368000000202e+01
1.694194194194189906e+08	-3.499094620999999705e+01
1.694694694694690108e+08	-3.496752778999999833e+01
1.695195195195200145e+08	-3.491995501000000246e+01
1.695695695695700049e+08	-3.490695105000000353e+01
1.696196196196199954e+08	-3.465467768999999976e+01
1.696696696696699858e+08	-3.478452884000000012e+01
1.697197197197200060e+08	-3.480734997999999791e+01
1.697697697697699964e+08	-3.477897038999999779e+01
1.698198198198199868e+08	-3.467631812999999852e+01
1.698698698698700070e+08	-3.471707144999999883e+01
1.699199199199199975e+08	-3.473479028999999940e+01
1.699699699699699879e+08	-3.450239711999999770e+01
1.700200200200200081e+08	-3.468922117999999699e+01
1.700700700700699985e+08	-3.447801219000000117e+01
1.701201201201199889e+08	-3.452589865000000202e+01
1.701701701701700091e+08	-3.451091592000000219e+01
1.702202202202199996e+08	-3.462630380000000230e+01
1.702702702702699900e+08	-3.435009606999999932e+01
1.703203203203200102e+08	-3.441303822999999795e+01
1.703703703703700006e+08	-3.426894551000000178e+01
1.704204204204199910e+08	-3.442599057000000329e+01
1.704704704704700112e+08	-3.430589104999999961e+01
1.705205205205209851e+08	-3.424187089000000128e+01
1.705705705705710053e+08	-3.425166509000000303e+01
1.706206206206209958e+08	-3.426909892999999840e+01
1.706706706706709862e+08	-3.422855998000000000e+01
1.707207207207210064e+08	-3.423034923000000163e+01
1.707707707707709968e+08	-3.418619371999999856e+01
1.708208208208209872e+08	-3.410097675000000095e+01
1.708708708708710074e+08	-3.397217977999999761e+01
1.709209209209209979e+08	-3.401196540000000113e+01
1.709709709709709883e+08	-3.399046862000000147e+01
1.710210210210210085e+08	-3.389338041999999973e+01
1.710710710710709989e+08	-3.383725702000000268e+01
1.711211211211209893e+08	-3.369751641999999947e+01
1.711711711711710095e+08	-3.377681720999999726e+01
1.712212212212210000e+08	-3.370420153999999968e+01
1.712712712712709904e+08	-3.377639829999999677e+01
1.713213213213210106e+08	-3.363519365999999877e+01
1.713713713713710010e+08	-3.359900911999999806e+01
1.714214214214209914e+08	-3.357935229999999649e+01
1.714714714714710116e+08	-3.356463248000000021e+01
1.715215215215219855e+08	-3.356082482000000056e+01
1.715715715715720057e+08	-3.350310630999999972e+01
1.716216216216219962e+08	-3.337958992000000080e+01
1.716716716716719866e+08	-3.350899746999999707e+01
1.717217217217220068e+08	-3.344389782999999738e+01
1.717717717717719972e+08	-3.337559157999999826e+01
1.718218218218219876e+08	-3.334527210000000252e+01
1.718718718718720078e+08	-3.324968020000000024e+01
1.719219219219219983e+08	-3.316784679999999952e+01
1.719719719719719887e+08	-3.322634941999999825e+01
1.720220220220220089e+08	-3.310566331999999790e+01
1.720720720720719993e+08	-3.307953668999999763e+01
1.721221221221219897e+08	-3.310835283000000118e+01
1.721721721721720099e+08	-3.299906078000000065e+01
1.722222222222220004e+08	-3.299034497000000243e+01
1.722722722722719908e+08	-3.295531109000000214e+01
1.723223223223220110e+08	-3.295621497999999860e+01
1.723723723723720014e+08	-3.284853489000000337e+01
1.724224224224219918e+08	-3.286954695000000015e+01
1.724724724724720120e+08	-3.282805460000000153e+01
1.725225225225229859e+08	-3.274531759999999991e+01
1.725725725725730062e+08	-3.277373589999999837e+01
1.726226226226229966e+08	-3.267966469999999646e+01
1.726726726726729870e+08	-3.270319974000000229e+01
1.727227227227230072e+08	-3.274011317000000076e+01
1.727727727727729976e+08	-3.266303927999999956e+01
1.728228228228229880e+08	-3.257121331999999825e+01
1.728728728728730083e+08	-3.262582613000000009e+01
1.729229229229229987e+08	-3.255908369000000135e+01
1.729729729729729891e+08	-3.250882201000000293e+01
1.730230230230230093e+08	-3.243454658000000279e+01
1.730730730730729997e+08	-3.243618710999999877e+01
1.731231231231229901e+08	-3.240360081000000037e+01
1.731731731731730103e+08	-3.235521752999999734e+01
1.732232232232230008e+08	-3.228170468999999798e+01
1.732732732732729912e+08	-3.229259189999999791e+01
1.733233233233230114e+08	-3.234522695999999797e+01
1.733733733733730018e+08	-3.223471247999999889e+01
1.734234234234229922e+08	-3.219514139000000341e+01
1.734734734734730124e+08	-3.209643797999999748e+01
1.735235235235239863e+08	-3.224226543999999706e+01
1.735735735735740066e+08	-3.198545415999999975e+01
1.736236236236239970e+08	-3.198837684000000081e+01
1.736736736736739874e+08	-3.203122444000000257e+01
1.737237237237240076e+08	-3.203553260000000336e+01
1.737737737737739980e+08	-3.202456569999999658e+01
1.738238238238239884e+08	-3.192964789999999908e+01
1.738738738738740087e+08	-3.181063608999999914e+01
1.739239239239239991e+08	-3.182879906999999875e+01
1.739739739739739895e+08	-3.180934195000000031e+01
1.740240240240240097e+08	-3.182298278000000025e+01
1.740740740740740001e+08	-3.178364200000000039e+01
1.741241241241239905e+08	-3.180434660999999963e+01
1.741741741741740108e+08	-3.179214982999999961e+01
1.742242242242240012e+08	-3.163652726000000115e+01
1.742742742742739916e+08	-3.166530141000000143e+01
1.743243243243240118e+08	-3.166162033999999892e+01
1.743743743743740022e+08	-3.165948544999999825e+01
1.744244244244239926e+08	-3.160290227999999857e+01
1.744744744744740129e+08	-3.153489611999999909e+01
1.745245245245249867e+08	-3.152593888999999905e+01
1.745745745745750070e+08	-3.137316835000000026e+01
1.746246246246249974e+08	-3.146035064000000148e+01
1.746746746746749878e+08	-3.139966585999999893e+01
1.747247247247250080e+08	-3.141054751000000067e+01
1.747747747747749984e+08	-3.138221212999999921e+01
1.748248248248249888e+08	-3.132927344999999875e+01
1.748748748748750091e+08	-3.129231383000000122e+01
1.749249249249249995e+08	-3.123412885999999844e+01
1.749749749749749899e+08	-3.127889564999999905e+01
1.750250250250250101e+08	-3.135712420000000122e+01
1.750750750750750005e+08	-3.121548573000000104e+01
1.751251251251249909e+08	-3.116712392999999892e+01
1.751751751751750112e+08	-3.121855204999999955e+01
1.752252252252250016e+08	-3.116133619000000010e+01
1.752752752752749920e+08	-3.112694696999999877e+01
1.753253253253250122e+08	-3.110626510000000167e+01
1.753753753753750026e+08	-3.098414547000000141e+01
1.754254254254249930e+08	-3.100600563000000065e+01
1.754754754754750133e+08	-3.099468157000000090e+01
1.755255255255259871e+08	-3.108424498000000114e+01
1.755755755755760074e+08	-3.099639537999999916e+01
1.756256256256259978e+08	-3.088813212999999891e+01
1.756756756756759882e+08	-3.090794960999999930e+01
1.757257257257260084e+08	-3.084386192999999921e+01
1.757757757757759988e+08	-3.078999549999999985e+01
1.758258258258259892e+08	-3.090384458000000123e+01
1.758758758758760095e+08	-3.078262893999999861e+01
1.759259259259259999e+08	-3.078917854000000176e+01
1.759759759759759903e+08	-3.081589474999999823e+01
1.760260260260260105e+08	-3.075884188999999935e+01
1.760760760760760009e+08	-3.073003449000000131e+01
1.761261261261259913e+08	-3.065931472000000113e+01
1.761761761761760116e+08	-3.062505704999999878e+01
1.762262262262260020e+08	-3.065163712000000018e+01
1.762762762762759924e+08	-3.065068451000000138e+01
1.763263263263260126e+08	-3.057057882000000149e+01
1.763763763763760030e+08	-3.066837272000000070e+01
1.764264264264259934e+08	-3.054212154000000012e+01
1.764764764764760137e+08	-3.049711818000000108e+01
1.765265265265269876e+08	-3.051808042000000043e+01
1.765765765765770078e+08	-3.045560191999999944e+01
1.766266266266269982e+08	-3.045373237000000088e+01
1.766766766766769886e+08	-3.044508683999999832e+01
1.767267267267270088e+08	-3.040455399000000014e+01
1.767767767767769992e+08	-3.033884519000000068e+01
1.768268268268269897e+08	-3.032814523000000051e+01
1.768768768768770099e+08	-3.032662148000000002e+01
1.769269269269270003e+08	-3.032766870000000026e+01
1.769769769769769907e+08	-3.025514751000000047e+01
1.770270270270270109e+08	-3.033446247999999912e+01
1.770770770770770013e+08	-3.021201111999999966e+01
1.771271271271269917e+08	-3.025760303999999934e+01
1.771771771771770120e+08	-3.023352275999999961e+01
1.772272272272270024e+08	-3.020444376000000020e+01
1.772772772772769928e+08	-3.015860818000000165e+01
1.773273273273270130e+08	-3.019349882999999934e+01
1.773773773773770034e+08	-3.010820359999999951e+01
1.774274274274269938e+08	-3.007931114000000150e+01
1.774774774774770141e+08	-3.010034883000000150e+01
1.775275275275279880e+08	-3.005247341000000105e+01
1.775775775775780082e+08	-3.010371072999999953e+01
1.776276276276279986e+08	-3.003458258999999941e+01
1.776776776776779890e+08	-3.001229573999999900e+01
1.777277277277280092e+08	-3.000396652999999958e+01
1.777777777777779996e+08	-2.994707393999999923e+01
1.778278278278279901e+08	-2.995477276000000089e+01
1.778778778778780103e+08	-2.987016616000000013e+01
1.779279279279280007e+08	-2.981347643000000147e+01
1.779779779779779911e+08	-2.987072479000000058e+01
1.780280280280280113e+08	-2.987261743999999908e+01
1.780780780780780017e+08	-2.980936622999999841e+01
1.781281281281279922e+08	-2.979713574999999892e+01
1.781781781781780124e+08	-2.980989527999999922e+01
1.782282282282280028e+08	-2.978618593999999931e+01
1.782782782782779932e+08	-2.978825683999999896e+01
1.783283283283280134e+08	-2.975942790999999943e+01
1.783783783783780038e+08	-2.967280158000000156e+01
1.784284284284279943e+08	-2.969732885999999894e+01
1.784784784784780145e+08	-2.967192035000000061e+01
1.785285285285289884e+08	-2.963674374000000000e+01
1.785785785785790086e+08	-2.967534960000000055e+01
1.786286286286289990e+08	-2.963701070999999843e+01
1.786786786786789894e+08	-2.960547117000000128e+01
1.787287287287290096e+08	-2.964169994999999957e+01
1.787787787787790000e+08	-2.961173383999999942e+01
1.788288288288289905e+08	-2.951363893999999988e+01
1.788788788788790107e+08	-2.949690496999999922e+01
1.789289289289290011e+08	-2.945075050999999888e+01
1.789789789789789915e+08	-2.945859437000000014e+01
1.790290290290290117e+08	-2.948753534000000087e+01
1.790790790790790021e+08	-2.952845002999999835e+01
1.791291291291289926e+08	-2.945753025999999863e+01
1.791791791791790128e+08	-2.945242826999999863e+01
1.792292292292290032e+08	-2.937489808999999852e+01
1.792792792792789936e+08	-2.938360928000000172e+01
1.793293293293290138e+08	-2.938624388999999937e+01
1.793793793793790042e+08	-2.932712706999999952e+01
1.794294294294289947e+08	-2.933796163999999962e+01
1.794794794794790149e+08	-2.927498878000000104e+01
1.795295295295299888e+08	-2.934199626999999921e+01
1.795795795795800090e+08	-2.929633898999999886e+01
1.796296296296299994e+08	-2.920707330999999840e+01
1.796796796796799898e+08	-2.920120878999999903e+01
1.797297297297300100e+08	-2.923389398999999855e+01
1.797797797797800004e+08	-2.918106772999999876e+01
1.798298298298299909e+08	-2.918795339000000055e+01
1.798798798798800111e+08	-2.917146547999999839e+01
1.799299299299300015e+08	-2.914165579000000150e+01
1.799799799799799919e+08	-2.912849010000000050e+01
1.800300300300300121e+08	-2.910609575000000149e+01
1.800800800800800025e+08	-2.908013718999999853e+01
1.801301301301299930e+08	-2.908716403000000028e+01
1.801801801801800132e+08	-2.909837115999999924e+01
1.802302302302300036e+08	-2.903133245000000073e+01
1.802802802802799940e+08	-2.905981484000000137e+01
1.803303303303300142e+08	-2.903253074999999939e+01
1.803803803803800046e+08	-2.902247004000000175e+01
1.804304304304299951e+08	-2.902130384999999890e+01
1.804804804804799855e+08	-2.901476866999999871e+01
1.805305305305309892e+08	-2.896544141000000039e+01
1.805805805805810094e+08	-2.894762804999999872e+01
1.806306306306309998e+08	-2.895501793000000035e+01
1.806806806806809902e+08	-2.891476954000000177e+01
1.807307307307310104e+08	-2.890323197000000022e+01
1.807807807807810009e+08	-2.889084324999999964e+01
1.808308308308309913e+08	-2.886624957000000080e+01
1.808808808808810115e+08	-2.886392823999999990e+01
1.809309309309310019e+08	-2.882477211999999867e+01
1.809809809809809923e+08	-2.884346945000000062e+01
1.810310310310310125e+08	-2.879987665999999891e+01
1.810810810810810030e+08	-2.874883979999999895e+01
1.811311311311309934e+08	-2.875093186999999872e+01
1.811811811811810136e+08	-2.875368519999999961e+01
1.812312312312310040e+08	-2.876137311000000096e+01
1.812812812812809944e+08	-2.871238553999999965e+01
1.813313313313310146e+08	-2.869741340999999935e+01
1.813813813813810050e+08	-2.873799303999999921e+01
1.814314314314309955e+08	-2.868911286999999888e+01
1.814814814814809859e+08	-2.867050219000000055e+01
1.815315315315319896e+08	-2.866117970999999898e+01
1.815815815815820098e+08	-2.867560153999999883e+01
1.816316316316320002e+08	-2.863290407999999942e+01
1.816816816816819906e+08	-2.863007580000000019e+01
1.817317317317320108e+08	-2.862164698000000129e+01
1.817817817817820013e+08	-2.860734937000000144e+01
1.818318318318319917e+08	-2.859016906000000091e+01
1.818818818818820119e+08	-2.858674231999999904e+01
1.819319319319320023e+08	-2.855403176000000087e+01
1.819819819819819927e+08	-2.853525370999999922e+01
1.820320320320320129e+08	-2.856806197999999952e+01
1.820820820820820034e+08	-2.852941407000000140e+01
1.821321321321319938e+08	-2.851240403999999984e+01
1.821821821821820140e+08	-2.850669300999999933e+01
1.822322322322320044e+08	-2.849988838999999885e+01
1.822822822822819948e+08	-2.849942064000000030e+01
1.823323323323319852e+08	-2.848316420000000093e+01
1.823823823823820055e+08	-2.844302237999999861e+01
1.824324324324319959e+08	-2.847910591000000124e+01
1.824824824824819863e+08	-2.845383563000000038e+01
1.825325325325329900e+08	-2.841177409000000154e+01
1.825825825825830102e+08	-2.841706273000000138e+01
1.826326326326330006e+08	-2.838738671000000124e+01
1.826826826826829910e+08	-2.834852335000000068e+01
1.827327327327330112e+08	-2.838639711000000077e+01
1.827827827827830017e+08	-2.836657665999999978e+01
1.828328328328329921e+08	-2.836060957000000116e+01
1.828828828828830123e+08	-2.834862116000000043e+01
1.829329329329330027e+08	-2.835695472000000095e+01
1.829829829829829931e+08	-2.831347183999999828e+01
1.830330330330330133e+08	-2.830929453999999978e+01
1.830830830830830038e+08	-2.829772562000000136e+01
1.831331331331329942e+08	-2.828801925000000139e+01
1.831831831831830144e+08	-2.831156381999999994e+01
1.832332332332330048e+08	-2.828451649999999873e+01
1.832832832832829952e+08	-2.827531719999999993e+01
1.833333333333329856e+08	-2.828382347999999880e+01
1.833833833833830059e+08	-2.827638930000000173e+01
1.834334334334329963e+08	-2.823895057000000008e+01
1.834834834834829867e+08	-2.824612619999999907e+01
1.835335335335339904e+08	-2.825554676999999870e+01
1.835835835835840106e+08	-2.824284421000000123e+01
1.836336336336340010e+08	-2.822144521999999967e+01
1.836836836836839914e+08	-2.821527047000000010e+01
1.837337337337340117e+08	-2.824553080000000094e+01
1.837837837837840021e+08	-2.816380004000000170e+01
1.838338338338339925e+08	-2.817277067999999929e+01
1.838838838838840127e+08	-2.817327258999999984e+01
1.839339339339340031e+08	-2.818872380000000177e+01
1.839839839839839935e+08	-2.818906684999999968e+01
1.840340340340340137e+08	-2.814155592999999911e+01
1.840840840840840042e+08	-2.811682346999999993e+01
1.841341341341339946e+08	-2.816294996999999967e+01
1.841841841841840148e+08	-2.815579360999999992e+01
1.842342342342340052e+08	-2.810175398999999885e+01
1.842842842842839956e+08	-2.812108226999999872e+01
1.843343343343339860e+08	-2.814151133000000016e+01
1.843843843843840063e+08	-2.812264577999999915e+01
1.844344344344339967e+08	-2.812156110999999825e+01
1.844844844844839871e+08	-2.812222969000000106e+01
1.845345345345349908e+08	-2.807686860999999823e+01
1.845845845845850110e+08	-2.810133946999999921e+01
1.846346346346350014e+08	-2.808565318000000133e+01
1.846846846846849918e+08	-2.807745046000000144e+01
1.847347347347350121e+08	-2.808609733999999847e+01
1.847847847847850025e+08	-2.807572625999999971e+01
1.848348348348349929e+08	-2.807492539000000065e+01
1.848848848848850131e+08	-2.807899263999999917e+01
1.849349349349350035e+08	-2.802330128999999914e+01
1.849849849849849939e+08	-2.804916470999999945e+01
1.850350350350350142e+08	-2.802877467000000067e+01
1.850850850850850046e+08	-2.802951553000000118e+01
1.851351351351349950e+08	-2.802535776999999939e+01
1.851851851851849854e+08	-2.804753857000000039e+01
1.852352352352350056e+08	-2.802478972000000113e+01
1.852852852852849960e+08	-2.801769395000000173e+01
1.853353353353349864e+08	-2.802355960999999951e+01
1.853853853853850067e+08	-2.803362233000000003e+01
1.854354354354349971e+08	-2.802684380000000175e+01
1.854854854854849875e+08	-2.804233044000000064e+01
1.855355355355359912e+08	-2.801709403999999992e+01
1.855855855855860114e+08	-2.800589945000000114e+01
1.856356356356360018e+08	-2.800689952999999832e+01
1.856856856856859922e+08	-2.802306997000000166e+01
1.857357357357360125e+08	-2.798897948000000113e+01
1.857857857857860029e+08	-2.803565133000000031e+01
1.858358358358359933e+08	-2.802130659999999907e+01
1.858858858858860135e+08	-2.803141752000000153e+01
1.859359359359360039e+08	-2.799585233999999900e+01
1.859859859859859943e+08	-2.800471908000000099e+01
1.860360360360360146e+08	-2.797914795000000154e+01
1.860860860860860050e+08	-2.798430289999999943e+01
1.861361361361359954e+08	-2.798060522999999833e+01
1.861861861861859858e+08	-2.795237423000000021e+01
1.862362362362360060e+08	-2.799526080000000050e+01
1.862862862862859964e+08	-2.797146512999999857e+01
1.863363363363359869e+08	-2.799773005000000126e+01
1.863863863863860071e+08	-2.796895831000000143e+01
1.864364364364359975e+08	-2.800409319999999980e+01
1.864864864864859879e+08	-2.797388819000000026e+01
1.865365365365369916e+08	-2.799451111000000125e+01
1.865865865865870118e+08	-2.798027610000000109e+01
1.866366366366370022e+08	-2.800480804000000035e+01
1.866866866866869926e+08	-2.798170976999999837e+01
1.867367367367370129e+08	-2.799400302000000096e+01
1.867867867867870033e+08	-2.799239980999999844e+01
1.868368368368369937e+08	-2.800541707000000002e+01
1.868868868868870139e+08	-2.800039937000000023e+01
1.869369369369370043e+08	-2.801594216999999887e+01
1.869869869869869947e+08	-2.801293483999999978e+01
1.870370370370369852e+08	-2.798284749000000105e+01
1.870870870870870054e+08	-2.801172335000000047e+01
1.871371371371369958e+08	-2.800921197999999990e+01
1.871871871871869862e+08	-2.797959047000000155e+01
1.872372372372370064e+08	-2.803166565000000077e+01
1.872872872872869968e+08	-2.797654654000000107e+01
1.873373373373369873e+08	-2.799568092000000163e+01
1.873873873873870075e+08	-2.799269518999999917e+01
1.874374374374369979e+08	-2.803109489999999937e+01
1.874874874874869883e+08	-2.800857024999999823e+01
1.875375375375379920e+08	-2.799177858999999913e+01
1.875875875875880122e+08	-2.799246235000000027e+01
1.876376376376380026e+08	-2.802058759999999893e+01
1.876876876876879930e+08	-2.798431777000000054e+01
1.877377377377380133e+08	-2.801711925000000036e+01
1.877877877877880037e+08	-2.802167402999999979e+01
1.878378378378379941e+08	-2.798478830000000173e+01
1.878878878878880143e+08	-2.799833947999999850e+01
1.879379379379380047e+08	-2.801521831999999890e+01
1.879879879879879951e+08	-2.802173124000000115e+01
1.880380380380379856e+08	-2.803320556999999980e+01
1.880880880880880058e+08	-2.802805620999999903e+01
1.881381381381379962e+08	-2.802924807000000129e+01
1.881881881881879866e+08	-2.805622523999999984e+01
1.882382382382380068e+08	-2.802644957000000048e+01
1.882882882882879972e+08	-2.803825020000000023e+01
1.883383383383379877e+08	-2.804534496999999860e+01
1.883883883883880079e+08	-2.807756532000000149e+01
1.884384384384379983e+08	-2.807297368000000048e+01
1.884884884884879887e+08	-2.807071180000000155e+01
1.885385385385389924e+08	-2.802814142000000075e+01
1.885885885885890126e+08	-2.806225114000000076e+01
1.886386386386390030e+08	-2.806614622000000026e+01
1.886886886886889935e+08	-2.806350369999999828e+01
1.887387387387390137e+08	-2.808465109000000126e+01
1.887887887887890041e+08	-2.806909021999999965e+01
1.888388388388389945e+08	-2.808782000000000068e+01
1.888888888888890147e+08	-2.806215690000000151e+01
1.889389389389390051e+08	-2.809048444000000089e+01
1.889889889889889956e+08	-2.809309769000000045e+01
1.890390390390389860e+08	-2.807137231999999827e+01
1.890890890890890062e+08	-2.809281950000000094e+01
1.891391391391389966e+08	-2.812966284000000172e+01
1.891891891891889870e+08	-2.809549057999999988e+01
1.892392392392390072e+08	-2.810317814000000070e+01
1.892892892892889977e+08	-2.811563904999999863e+01
1.893393393393389881e+08	-2.813286190999999903e+01
1.893893893893890083e+08	-2.809081391000000139e+01
1.894394394394389987e+08	-2.812763885000000030e+01
1.894894894894889891e+08	-2.813703373999999968e+01
1.895395395395399928e+08	-2.808942469000000131e+01
1.895895895895900130e+08	-2.814891296000000054e+01
1.896396396396400034e+08	-2.812892490999999850e+01
1.896896896896899939e+08	-2.817272123000000050e+01
1.897397397397400141e+08	-2.816801251000000050e+01
1.897897897897900045e+08	-2.817648369000000130e+01
1.898398398398399949e+08	-2.816103735000000086e+01
1.898898898898899853e+08	-2.811262397000000135e+01
1.899399399399400055e+08	-2.815801443000000148e+01
1.899899899899899960e+08	-2.816104294999999880e+01
1.900400400400399864e+08	-2.819380110999999900e+01
1.900900900900900066e+08	-2.816753848999999832e+01
1.901401401401399970e+08	-2.817819430999999852e+01
1.901901901901899874e+08	-2.816811560000000014e+01
1.902402402402400076e+08	-2.817317681000000107e+01
1.902902902902899981e+08	-2.818088647000000080e+01
1.903403403403399885e+08	-2.821222681000000065e+01
1.903903903903900087e+08	-2.817275366000000147e+01
1.904404404404399991e+08	-2.818138360000000020e+01
1.904904904904899895e+08	-2.820950178000000008e+01
1.905405405405409932e+08	-2.820262479999999883e+01
1.905905905905910134e+08	-2.819414233999999908e+01
1.906406406406410038e+08	-2.823055718999999897e+01
1.906906906906909943e+08	-2.819474808000000010e+01
1.907407407407410145e+08	-2.824820627000000073e+01
1.907907907907910049e+08	-2.820435362999999995e+01
1.908408408408409953e+08	-2.824503547000000125e+01
1.908908908908909857e+08	-2.821794862999999864e+01
1.909409409409410059e+08	-2.826801215000000056e+01
1.909909909909909964e+08	-2.827736798000000107e+01
1.910410410410409868e+08	-2.826864823000000015e+01
1.910910910910910070e+08	-2.826136744000000078e+01
1.911411411411409974e+08	-2.824809640000000144e+01
1.911911911911909878e+08	-2.828450429000000099e+01
1.912412412412410080e+08	-2.826181968999999938e+01
1.912912912912909985e+08	-2.828898876999999956e+01
1.913413413413409889e+08	-2.829977004999999934e+01
1.913913913913910091e+08	-2.828256920999999835e+01
1.914414414414409995e+08	-2.831410973999999925e+01
1.914914914914909899e+08	-2.832016765999999919e+01
1.915415415415419936e+08	-2.831335384000000133e+01
1.915915915915920138e+08	-2.832297669000000084e+01
1.916416416416420043e+08	-2.831736320999999990e+01
1.916916916916919947e+08	-2.830914678999999978e+01
1.917417417417420149e+08	-2.831049276999999975e+01
1.917917917917920053e+08	-2.829733017999999944e+01
1.918418418418419957e+08	-2.832370789000000144e+01
1.918918918918919861e+08	-2.832292829000000012e+01
1.919419419419420063e+08	-2.833494092999999836e+01
1.919919919919919968e+08	-2.836607727000000168e+01
1.920420420420419872e+08	-2.832617941000000172e+01
1.920920920920920074e+08	-2.834554492999999908e+01
1.921421421421419978e+08	-2.830831623999999991e+01
1.921921921921919882e+08	-2.835718916000000078e+01
1.922422422422420084e+08	-2.835758625000000066e+01
1.922922922922919989e+08	-2.837569837999999933e+01
1.923423423423419893e+08	-2.834073658999999878e+01
1.923923923923920095e+08	-2.834875753000000032e+01
1.924424424424419999e+08	-2.840531392999999838e+01
1.924924924924919903e+08	-2.838870205999999996e+01
1.925425425425429940e+08	-2.835195738000000176e+01
1.925925925925930142e+08	-2.839062403000000145e+01
1.926426426426430047e+08	-2.841040733999999901e+01
1.926926926926929951e+08	-2.842049774999999912e+01
1.927427427427429855e+08	-2.838684093000000175e+01
1.927927927927930057e+08	-2.839324342000000101e+01
1.928428428428429961e+08	-2.838135271000000159e+01
1.928928928928929865e+08	-2.843866107999999926e+01
1.929429429429430068e+08	-2.841685328000000155e+01
1.929929929929929972e+08	-2.840575344000000158e+01
1.930430430430429876e+08	-2.838067947000000046e+01
1.930930930930930078e+08	-2.841379257999999908e+01
1.931431431431429982e+08	-2.841075677999999982e+01
1.931931931931929886e+08	-2.841640968000000100e+01
1.932432432432430089e+08	-2.842457922999999909e+01
1.932932932932929993e+08	-2.843799939000000165e+01
1.933433433433429897e+08	-2.847659485999999873e+01
1.933933933933930099e+08	-2.841770105999999885e+01
1.934434434434430003e+08	-2.843142943000000145e+01
1.934934934934929907e+08	-2.841821606999999972e+01
1.935435435435439944e+08	-2.841832022999999907e+01
1.935935935935940146e+08	-2.844057581999999940e+01
1.936436436436440051e+08	-2.843864119999999929e+01
1.936936936936939955e+08	-2.844915334999999956e+01
1.937437437437439859e+08	-2.845636998000000162e+01
1.937937937937940061e+08	-2.843614974000000117e+01
1.938438438438439965e+08	-2.846612028999999922e+01
1.938938938938939869e+08	-2.838708882999999972e+01
1.939439439439440072e+08	-2.843664646999999945e+01
1.939939939939939976e+08	-2.848873573999999920e+01
1.940440440440439880e+08	-2.844878886000000051e+01
1.940940940940940082e+08	-2.846057877000000147e+01
1.941441441441439986e+08	-2.843127893000000128e+01
1.941941941941939890e+08	-2.841393745999999965e+01
1.942442442442440093e+08	-2.851206201999999834e+01
1.942942942942939997e+08	-2.845118983000000057e+01
1.943443443443439901e+08	-2.845681877000000171e+01
1.943943943943940103e+08	-2.845755456999999922e+01
1.944444444444440007e+08	-2.846829271000000006e+01
1.944944944944939911e+08	-2.853436007999999902e+01
1.945445445445449948e+08	-2.846671771000000106e+01
1.945945945945949852e+08	-2.852560944000000021e+01
1.946446446446450055e+08	-2.849447628000000066e+01
1.946946946946949959e+08	-2.848241933999999986e+01
1.947447447447449863e+08	-2.850587608000000017e+01
1.947947947947950065e+08	-2.846092961000000088e+01
1.948448448448449969e+08	-2.842514973999999839e+01
1.948948948948949873e+08	-2.850104112000000001e+01
1.949449449449450076e+08	-2.847566588000000110e+01
1.949949949949949980e+08	-2.846672754000000083e+01
1.950450450450449884e+08	-2.846777441000000053e+01
1.950950950950950086e+08	-2.845391898000000097e+01
1.951451451451449990e+08	-2.846339391000000063e+01
1.951951951951949894e+08	-2.846814802000000100e+01
1.952452452452450097e+08	-2.846908539000000005e+01
1.952952952952950001e+08	-2.846972008999999915e+01
1.953453453453449905e+08	-2.850250156999999973e+01
1.953953953953950107e+08	-2.846245971999999824e+01
1.954454454454450011e+08	-2.850022109000000015e+01
1.954954954954949915e+08	-2.845131389999999882e+01
1.955455455455459952e+08	-2.851698491000000146e+01
1.955955955955959857e+08	-2.846840299000000130e+01
1.956456456456460059e+08	-2.850463931999999900e+01
1.956956956956959963e+08	-2.847730651999999907e+01
1.957457457457459867e+08	-2.850295119999999827e+01
1.957957957957960069e+08	-2.844959356000000028e+01
1.958458458458459973e+08	-2.855526975000000078e+01
1.958958958958959877e+08	-2.852148641999999867e+01
1.959459459459460080e+08	-2.848277180999999914e+01
1.959959959959959984e+08	-2.849046741000000083e+01
1.960460460460459888e+08	-2.847338733999999860e+01
1.960960960960960090e+08	-2.848677191999999891e+01
1.961461461461459994e+08	-2.847857395999999852e+01
1.961961961961959898e+08	-2.852688477999999961e+01
1.962462462462460101e+08	-2.847941319999999976e+01
1.962962962962960005e+08	-2.850894438999999991e+01
1.963463463463459909e+08	-2.847968275999999932e+01
1.963963963963960111e+08	-2.851519190000000137e+01
1.964464464464460015e+08	-2.851125143000000151e+01
1.964964964964959919e+08	-2.851377635000000055e+01
1.965465465465469956e+08	-2.847329090999999934e+01
1.965965965965969861e+08	-2.850109806000000034e+01
1.966466466466470063e+08	-2.850000822000000156e+01
1.966966966966969967e+08	-2.850382469999999913e+01
1.967467467467469871e+08	-2.851027476000000149e+01
1.967967967967970073e+08	-2.846348695000000006e+01
1.968468468468469977e+08	-2.846634369999999947e+01
1.968968968968969882e+08	-2.847596315999999916e+01
1.969469469469470084e+08	-2.849224896999999856e+01
1.969969969969969988e+08	-2.851485703999999899e+01
1.970470470470469892e+08	-2.845460412999999988e+01
1.970970970970970094e+08	-2.848017452999999932e+01
1.971471471471469998e+08	-2.845906414999999967e+01
1.971971971971969903e+08	-2.848313124999999957e+01
1.972472472472470105e+08	-2.845521356000000068e+01
1.972972972972970009e+08	-2.850156228999999897e+01
1.973473473473469913e+08	-2.847414178000000007e+01
1.973973973973970115e+08	-2.846752791000000116e+01
1.974474474474470019e+08	-2.852065797999999930e+01
1.974974974974969923e+08	-2.843169457999999850e+01
1.975475475475479960e+08	-2.849376741000000024e+01
1.975975975975979865e+08	-2.848714319000000117e+01
1.976476476476480067e+08	-2.846997057999999825e+01
1.976976976976979971e+08	-2.847247352000000120e+01
1.977477477477479875e+08	-2.841916240999999843e+01
1.977977977977980077e+08	-2.847665458999999899e+01
1.978478478478479981e+08	-2.843258991000000080e+01
1.978978978978979886e+08	-2.848186683000000130e+01
1.979479479479480088e+08	-2.842432428000000044e+01
1.979979979979979992e+08	-2.849801765000000131e+01
1.980480480480479896e+08	-2.845243586999999863e+01
1.980980980980980098e+08	-2.843653756999999871e+01
1.981481481481480002e+08	-2.843717369000000161e+01
1.981981981981979907e+08	-2.847187025999999932e+01
1.982482482482480109e+08	-2.842651801999999961e+01
1.982982982982980013e+08	-2.847619256999999848e+01
1.983483483483479917e+08	-2.845899349000000100e+01
1.983983983983980119e+08	-2.843219136000000091e+01
1.984484484484480023e+08	-2.845553143000000063e+01
1.984984984984979928e+08	-2.845641097000000030e+01
1.985485485485489964e+08	-2.845145099000000144e+01
1.985985985985989869e+08	-2.843481968000000037e+01
1.986486486486490071e+08	-2.847836416999999898e+01
1.986986986986989975e+08	-2.844471695000000011e+01
1.987487487487489879e+08	-2.845998726999999917e+01
1.987987987987990081e+08	-2.841691052999999911e+01
1.988488488488489985e+08	-2.841442422000000079e+01
1.988988988988989890e+08	-2.843258308000000056e+01
1.989489489489490092e+08	-2.839537573000000137e+01
1.989989989989989996e+08	-2.841447304000000074e+01
1.990490490490489900e+08	-2.839540222999999841e+01
1.990990990990990102e+08	-2.836565801000000064e+01
1.991491491491490006e+08	-2.845058402000000086e+01
1.991991991991989911e+08	-2.841507203000000104e+01
1.992492492492490113e+08	-2.840450162999999861e+01
1.992992992992990017e+08	-2.839492508000000015e+01
1.993493493493489921e+08	-2.839469418999999917e+01
1.993993993993990123e+08	-2.844087346999999966e+01
1.994494494494490027e+08	-2.844070517999999836e+01
1.994994994994989932e+08	-2.847626383000000061e+01
1.995495495495499969e+08	-2.836651256000000032e+01
1.995995995995999873e+08	-2.838843755999999985e+01
1.996496496496500075e+08	-2.836030902999999981e+01
1.996996996996999979e+08	-2.837728858999999915e+01
1.997497497497499883e+08	-2.842551406000000114e+01
1.997997997998000085e+08	-2.839788168999999840e+01
1.998498498498499990e+08	-2.837499800000000150e+01
1.998998998998999894e+08	-2.837965381000000065e+01
1.999499499499500096e+08	-2.843890498000000022e+01
2.000000000000000000e+08	-2.837961679000000004e+01
