# rf power (dBm) vs t_elec (K)
-1.000000000000000000e+01	9.975786924939467060e-02
-9.969962453066329999e+00	9.975786924939467060e-02
-9.939924906132670657e+00	9.975786924939467060e-02
-9.909887359199000656e+00	9.975786924939467060e-02
-9.879849812265330655e+00	9.975786924939467060e-02
-9.849812265331660655e+00	9.975786924939467060e-02
-9.819774718397999536e+00	9.975786924939467060e-02
-9.789737171464329535e+00	9.975786924939467060e-02
-9.759699624530659534e+00	9.975786924939467060e-02
-9.729662077597000192e+00	9.975786924939467060e-02
-9.699624530663330191e+00	9.975786924939467060e-02
-9.669586983729660190e+00	9.975786924939467060e-02
-9.639549436796000847e+00	9.975786924939467060e-02
-9.609511889862330847e+00	9.975786924939467060e-02
-9.579474342928660846e+00	9.975786924939467060e-02
-9.549436795994990845e+00	9.975786924939467060e-02
-9.519399249061329726e+00	9.975786924939467060e-02
-9.489361702127659726e+00	9.975786924939467060e-02
-9.459324155193989725e+00	9.975786924939467060e-02
-9.429286608260330382e+00	9.975786924939467060e-02
-9.399249061326660382e+00	9.975786924939467060e-02
-9.369211514392990381e+00	9.975786924939467060e-02
-9.339173967459320380e+00	9.975786924939467060e-02
-9.309136420525659261e+00	9.975786924939467060e-02
-9.279098873591989260e+00	9.975786924939467060e-02
-9.249061326658319260e+00	9.975786924939467060e-02
-9.219023779724659917e+00	9.975786924939467060e-02
-9.188986232790989916e+00	9.975786924939467060e-02
-9.158948685857319916e+00	9.975786924939467060e-02
-9.128911138923660573e+00	9.975786924939467060e-02
-9.098873591989990572e+00	9.975786924939467060e-02
-9.068836045056320572e+00	9.975786924939467060e-02
-9.038798498122650571e+00	9.975786924939467060e-02
-9.008760951188989452e+00	9.975786924939467060e-02
-8.978723404255319451e+00	9.975786924939467060e-02
-8.948685857321649451e+00	9.975786924939467060e-02
-8.918648310387979450e+00	9.975786924939467060e-02
-8.888610763454320107e+00	9.975786924939467060e-02
-8.858573216520650107e+00	9.975786924939467060e-02
-8.828535669586980106e+00	9.975786924939467060e-02
-8.798498122653320763e+00	9.975786924939467060e-02
-8.768460575719650762e+00	9.975786924939467060e-02
-8.738423028785980762e+00	9.975786924939467060e-02
-8.708385481852319643e+00	9.975786924939467060e-02
-8.678347934918649642e+00	9.975786924939467060e-02
-8.648310387984979641e+00	9.975786924939467060e-02
-8.618272841051309641e+00	9.975786924939467060e-02
-8.588235294117650298e+00	9.975786924939467060e-02
-8.558197747183980297e+00	9.975786924939467060e-02
-8.528160200250310297e+00	9.975786924939467060e-02
-8.498122653316649178e+00	9.975786924939467060e-02
-8.468085106382979177e+00	9.975786924939467060e-02
-8.438047559449309176e+00	9.975786924939467060e-02
-8.408010012515639175e+00	9.975786924939467060e-02
-8.377972465581979833e+00	9.975786924939467060e-02
-8.347934918648309832e+00	9.975786924939467060e-02
-8.317897371714639831e+00	9.975786924939467060e-02
-8.287859824780980489e+00	9.975786924939467060e-02
-8.257822277847310488e+00	9.975786924939467060e-02
-8.227784730913640487e+00	9.975786924939467060e-02
-8.197747183979970487e+00	9.975786924939467060e-02
-8.167709637046309368e+00	9.975786924939467060e-02
-8.137672090112639367e+00	9.975786924939467060e-02
-8.107634543178969366e+00	9.975786924939467060e-02
-8.077596996245310024e+00	9.975786924939467060e-02
-8.047559449311640023e+00	9.975786924939467060e-02
-8.017521902377970022e+00	9.975786924939467060e-02
-7.987484355444309791e+00	9.975786924939467060e-02
-7.957446808510639791e+00	9.975786924939467060e-02
-7.927409261576969790e+00	9.975786924939467060e-02
-7.897371714643299789e+00	9.975786924939467060e-02
-7.867334167709639559e+00	9.975786924939467060e-02
-7.837296620775969558e+00	9.975786924939467060e-02
-7.807259073842299557e+00	9.975786924939467060e-02
-7.777221526908640215e+00	9.975786924939467060e-02
-7.747183979974970214e+00	9.975786924939467060e-02
-7.717146433041300213e+00	9.975786924939467060e-02
-7.687108886107630212e+00	9.975786924939467060e-02
-7.657071339173969982e+00	9.975786924939467060e-02
-7.627033792240299981e+00	9.975786924939467060e-02
-7.596996245306629980e+00	9.975786924939467060e-02
-7.566958698372969749e+00	9.975786924939467060e-02
-7.536921151439299749e+00	9.975786924939467060e-02
-7.506883604505629748e+00	9.975786924939467060e-02
-7.476846057571970405e+00	9.975786924939467060e-02
-7.446808510638300405e+00	9.975786924939467060e-02
-7.416770963704630404e+00	9.975786924939467060e-02
-7.386733416770960403e+00	9.975786924939467060e-02
-7.356695869837300172e+00	9.975786924939467060e-02
-7.326658322903630172e+00	9.975786924939467060e-02
-7.296620775969960171e+00	9.975786924939467060e-02
-7.266583229036299940e+00	9.975786924939467060e-02
-7.236545682102629939e+00	9.975786924939467060e-02
-7.206508135168959939e+00	9.975786924939467060e-02
-7.176470588235289938e+00	9.975786924939467060e-02
-7.146433041301629707e+00	9.975786924939467060e-02
-7.116395494367959706e+00	9.975786924939467060e-02
-7.086357947434289706e+00	9.975786924939467060e-02
-7.056320400500630363e+00	9.975786924939467060e-02
-7.026282853566960362e+00	9.975786924939467060e-02
-6.996245306633290362e+00	9.975786924939467060e-02
-6.966207759699620361e+00	9.975786924939467060e-02
-6.936170212765960130e+00	9.975786924939467060e-02
-6.906132665832290130e+00	9.975786924939467060e-02
-6.876095118898620129e+00	9.975786924939467060e-02
-6.846057571964959898e+00	9.975786924939467060e-02
-6.816020025031289897e+00	9.975786924939467060e-02
-6.785982478097619897e+00	9.975786924939467060e-02
-6.755944931163959666e+00	9.975786924939467060e-02
-6.725907384230289665e+00	9.975786924939467060e-02
-6.695869837296619664e+00	9.975786924939467060e-02
-6.665832290362949664e+00	9.975786924939467060e-02
-6.635794743429290321e+00	9.975786924939467060e-02
-6.605757196495620320e+00	9.975786924939467060e-02
-6.575719649561950320e+00	9.975786924939467060e-02
-6.545682102628290089e+00	9.975786924939467060e-02
-6.515644555694620088e+00	9.975786924939467060e-02
-6.485607008760950087e+00	9.975786924939467060e-02
-6.455569461827280087e+00	9.975786924939467060e-02
-6.425531914893619856e+00	9.975786924939467060e-02
-6.395494367959949855e+00	9.975786924939467060e-02
-6.365456821026279854e+00	9.975786924939467060e-02
-6.335419274092619624e+00	9.975786924939467060e-02
-6.305381727158949623e+00	9.975786924939467060e-02
-6.275344180225279622e+00	9.975786924939467060e-02
-6.245306633291609621e+00	9.975786924939467060e-02
-6.215269086357950279e+00	9.975786924939467060e-02
-6.185231539424280278e+00	9.975786924939467060e-02
-6.155193992490610277e+00	9.975786924939467060e-02
-6.125156445556950047e+00	9.975786924939467060e-02
-6.095118898623280046e+00	9.975786924939467060e-02
-6.065081351689610045e+00	9.975786924939467060e-02
-6.035043804755949814e+00	9.975786924939467060e-02
-6.005006257822279814e+00	9.975786924939467060e-02
-5.974968710888609813e+00	9.975786924939467060e-02
-5.944931163954939812e+00	9.975786924939467060e-02
-5.914893617021279582e+00	9.975786924939467060e-02
-5.884856070087609581e+00	9.975786924939467060e-02
-5.854818523153939580e+00	9.975786924939467060e-02
-5.824780976220280237e+00	9.975786924939467060e-02
-5.794743429286610237e+00	9.975786924939467060e-02
-5.764705882352940236e+00	9.975786924939467060e-02
-5.734668335419270235e+00	9.975786924939467060e-02
-5.704630788485610005e+00	9.975786924939467060e-02
-5.674593241551940004e+00	9.975786924939467060e-02
-5.644555694618270003e+00	9.975786924939467060e-02
-5.614518147684609772e+00	9.975786924939467060e-02
-5.584480600750939772e+00	9.975786924939467060e-02
-5.554443053817269771e+00	9.975786924939467060e-02
-5.524405506883599770e+00	9.975786924939467060e-02
-5.494367959949940428e+00	9.975786924939467060e-02
-5.464330413016270427e+00	9.975786924939467060e-02
-5.434292866082600426e+00	9.975786924939467060e-02
-5.404255319148940195e+00	9.975786924939467060e-02
-5.374217772215270195e+00	9.975786924939467060e-02
-5.344180225281600194e+00	9.975786924939467060e-02
-5.314142678347930193e+00	9.975786924939467060e-02
-5.284105131414269962e+00	9.975786924939467060e-02
-5.254067584480599962e+00	9.975786924939467060e-02
-5.224030037546929961e+00	9.975786924939467060e-02
-5.193992490613269730e+00	9.975786924939467060e-02
-5.163954943679599729e+00	9.975786924939467060e-02
-5.133917396745929729e+00	9.975786924939467060e-02
-5.103879849812270386e+00	9.975786924939467060e-02
-5.073842302878600385e+00	9.975786924939467060e-02
-5.043804755944930385e+00	9.975786924939467060e-02
-5.013767209011260384e+00	9.975786924939467060e-02
-4.983729662077600153e+00	9.975786924939467060e-02
-4.953692115143930152e+00	9.975786924939467060e-02
-4.923654568210260152e+00	9.975786924939467060e-02
-4.893617021276599921e+00	9.975786924939467060e-02
-4.863579474342929920e+00	9.975786924939467060e-02
-4.833541927409259920e+00	9.975786924939467060e-02
-4.803504380475589919e+00	9.975786924939467060e-02
-4.773466833541929688e+00	9.975786924939467060e-02
-4.743429286608259687e+00	9.975786924939467060e-02
-4.713391739674589687e+00	9.975786924939467060e-02
-4.683354192740930344e+00	9.975786924939467060e-02
-4.653316645807260343e+00	9.975786924939467060e-02
-4.623279098873590343e+00	9.975786924939467060e-02
-4.593241551939920342e+00	9.975786924939467060e-02
-4.563204005006260111e+00	9.975786924939467060e-02
-4.533166458072590110e+00	9.975786924939467060e-02
-4.503128911138920110e+00	9.975786924939467060e-02
-4.473091364205259879e+00	9.975786924939467060e-02
-4.443053817271589878e+00	9.975786924939467060e-02
-4.413016270337919877e+00	9.975786924939467060e-02
-4.382978723404259647e+00	9.975786924939467060e-02
-4.352941176470589646e+00	9.975786924939467060e-02
-4.322903629536919645e+00	9.975786924939467060e-02
-4.292866082603249644e+00	9.975786924939467060e-02
-4.262828535669590302e+00	9.975786924939467060e-02
-4.232790988735920301e+00	9.975786924939467060e-02
-4.202753441802250300e+00	9.975786924939467060e-02
-4.172715894868590070e+00	9.975786924939467060e-02
-4.142678347934920069e+00	9.975786924939467060e-02
-4.112640801001250068e+00	9.975786924939467060e-02
-4.082603254067580067e+00	9.975786924939467060e-02
-4.052565707133919837e+00	9.975786924939467060e-02
-4.022528160200249836e+00	9.975786924939467060e-02
-3.992490613266579835e+00	9.975786924939467060e-02
-3.962453066332920049e+00	9.975786924939467060e-02
-3.932415519399250048e+00	9.975786924939467060e-02
-3.902377972465580047e+00	9.975786924939467060e-02
-3.872340425531910046e+00	9.975786924939467060e-02
-3.842302878598249816e+00	9.975786924939467060e-02
-3.812265331664579815e+00	9.975786924939467060e-02
-3.782227784730909814e+00	9.975786924939467060e-02
-3.752190237797250028e+00	9.975786924939467060e-02
-3.722152690863580027e+00	9.975786924939467060e-02
-3.692115143929910026e+00	9.975786924939467060e-02
-3.662077596996249795e+00	9.975786924939467060e-02
-3.632040050062579795e+00	9.975786924939467060e-02
-3.602002503128909794e+00	9.975786924939467060e-02
-3.571964956195239793e+00	9.975786924939467060e-02
-3.541927409261580006e+00	9.975786924939467060e-02
-3.511889862327910006e+00	9.975786924939467060e-02
-3.481852315394240005e+00	9.975786924939467060e-02
-3.451814768460580218e+00	9.975786924939467060e-02
-3.421777221526910218e+00	9.975786924939467060e-02
-3.391739674593240217e+00	9.975786924939467060e-02
-3.361702127659570216e+00	9.975786924939467060e-02
-3.331664580725909985e+00	9.975786924939467060e-02
-3.301627033792239985e+00	9.975786924939467060e-02
-3.271589486858569984e+00	9.975786924939467060e-02
-3.241551939924910197e+00	9.975786924939467060e-02
-3.211514392991240197e+00	9.975786924939467060e-02
-3.181476846057570196e+00	9.975786924939467060e-02
-3.151439299123909965e+00	9.975786924939467060e-02
-3.121401752190239964e+00	9.975786924939467060e-02
-3.091364205256569964e+00	9.975786924939467060e-02
-3.061326658322899963e+00	9.975786924939467060e-02
-3.031289111389240176e+00	9.975786924939467060e-02
-3.001251564455570175e+00	9.975786924939467060e-02
-2.971214017521900175e+00	9.975786924939467060e-02
-2.941176470588239944e+00	9.975786924939467060e-02
-2.911138923654569943e+00	9.975786924939467060e-02
-2.881101376720899943e+00	9.975786924939467060e-02
-2.851063829787229942e+00	9.975786924939467060e-02
-2.821026282853570155e+00	9.975786924939467060e-02
-2.790988735919900154e+00	9.975786924939467060e-02
-2.760951188986230154e+00	9.975786924939467060e-02
-2.730913642052569923e+00	9.975786924939467060e-02
-2.700876095118899922e+00	9.975786924939467060e-02
-2.670838548185229921e+00	9.975786924939467060e-02
-2.640801001251559921e+00	9.975786924939467060e-02
-2.610763454317900134e+00	9.975786924939467060e-02
-2.580725907384230133e+00	9.975786924939467060e-02
-2.550688360450560133e+00	9.975786924939467060e-02
-2.520650813516899902e+00	9.975786924939467060e-02
-2.490613266583229901e+00	9.975786924939467060e-02
-2.460575719649559900e+00	9.975786924939467060e-02
-2.430538172715900114e+00	9.975786924939467060e-02
-2.400500625782230113e+00	9.975786924939467060e-02
-2.370463078848560112e+00	9.975786924939467060e-02
-2.340425531914890112e+00	9.975786924939467060e-02
-2.310387984981229881e+00	9.975786924939467060e-02
-2.280350438047559880e+00	9.975786924939467060e-02
-2.250312891113889879e+00	9.975786924939467060e-02
-2.220275344180230093e+00	9.975786924939467060e-02
-2.190237797246560092e+00	9.975786924939467060e-02
-2.160200250312890091e+00	9.975786924939467060e-02
-2.130162703379220090e+00	9.975786924939467060e-02
-2.100125156445559860e+00	9.975786924939467060e-02
-2.070087609511889859e+00	9.975786924939467060e-02
-2.040050062578219858e+00	9.975786924939467060e-02
-2.010012515644560072e+00	9.975786924939467060e-02
-1.979974968710890071e+00	9.975786924939467060e-02
-1.949937421777220070e+00	9.975786924939467060e-02
-1.919899874843550069e+00	9.975786924939467060e-02
-1.889862327909890061e+00	9.975786924939467060e-02
-1.859824780976220060e+00	9.975786924939467060e-02
-1.829787234042550059e+00	9.975786924939467060e-02
-1.799749687108890051e+00	9.975786924939467060e-02
-1.769712140175220050e+00	9.975786924939467060e-02
-1.739674593241550049e+00	9.975786924939467060e-02
-1.709637046307880048e+00	9.975786924939467060e-02
-1.679599499374220040e+00	9.975786924939467060e-02
-1.649561952440550039e+00	9.975786924939467060e-02
-1.619524405506880038e+00	9.975786924939467060e-02
-1.589486858573220029e+00	9.975786924939467060e-02
-1.559449311639550029e+00	9.975786924939467060e-02
-1.529411764705880028e+00	9.975786924939467060e-02
-1.499374217772220019e+00	9.975786924939467060e-02
-1.469336670838550019e+00	9.975786924939467060e-02
-1.439299123904880018e+00	9.975786924939467060e-02
-1.409261576971210017e+00	9.975786924939467060e-02
-1.379224030037550008e+00	9.975786924939467060e-02
-1.349186483103880008e+00	9.975786924939467060e-02
-1.319148936170210007e+00	9.975786924939467060e-02
-1.289111389236549998e+00	9.975786924939467060e-02
-1.259073842302879997e+00	9.975786924939467060e-02
-1.229036295369209997e+00	9.975786924939467060e-02
-1.198998748435539996e+00	9.975786924939467060e-02
-1.168961201501879987e+00	9.975786924939467060e-02
-1.138923654568209987e+00	9.975786924939467060e-02
-1.108886107634539986e+00	9.975786924939467060e-02
-1.078848560700879977e+00	9.975786924939467060e-02
-1.048811013767209976e+00	9.975786924939467060e-02
-1.018773466833539976e+00	9.975786924939467060e-02
-9.887359198998759702e-01	9.975786924939467060e-02
-9.586983729662069686e-01	9.975786924939467060e-02
-9.286608260325409647e-01	9.975786924939467060e-02
-8.986232790988739616e-01	9.975786924939467060e-02
-8.685857321652059593e-01	9.975786924939467060e-02
-8.385481852315399554e-01	9.975786924939467060e-02
-8.085106382978729522e-01	9.975786924939467060e-02
-7.784730913642049499e-01	9.975786924939467060e-02
-7.484355444305389460e-01	9.975786924939467060e-02
-7.183979974968720539e-01	9.975786924939467060e-02
-6.883604505632040516e-01	9.975786924939467060e-02
-6.583229036295370484e-01	9.975786924939467060e-02
-6.282853566958690461e-01	9.975786924939467060e-02
-5.982478097622030422e-01	9.975786924939467060e-02
-5.682102628285360391e-01	9.975786924939467060e-02
-5.381727158948680367e-01	9.975786924939467060e-02
-5.081351689612020328e-01	9.975786924939467060e-02
-4.780976220275349742e-01	9.975786924939467060e-02
-4.480600750938670274e-01	9.975786924939467060e-02
-4.180225281602010234e-01	9.975786924939467060e-02
-3.879849812265340203e-01	9.975786924939467060e-02
-3.579474342928660180e-01	9.975786924939467060e-02
-3.279098873591990149e-01	9.975786924939467060e-02
-2.978723404255330109e-01	9.975786924939467060e-02
-2.678347934918650086e-01	9.975786924939467060e-02
-2.377972465581980055e-01	9.975786924939467060e-02
-2.077596996245300032e-01	9.975786924939467060e-02
-1.777221526908639992e-01	9.975786924939467060e-02
-1.476846057571969961e-01	9.975786924939467060e-02
-1.176470588235289938e-01	9.975786924939467060e-02
-8.760951188986250415e-02	9.975786924939467060e-02
-5.757196495619609777e-02	9.975786924939467060e-02
-2.753441802252790116e-02	9.975786924939467060e-02
2.503128911138569838e-03	9.975786924939467060e-02
3.254067584480500180e-02	9.975786924939467060e-02
6.257822277847320536e-02	9.975786924939467060e-02
9.261576971213969500e-02	9.975786924939467060e-02
1.226533166458060042e-01	9.975786924939467060e-02
1.526908635794740066e-01	9.975786924939467060e-02
1.827284105131410097e-01	9.975786924939467060e-02
2.127659574468090120e-01	9.975786924939467060e-02
2.428035043804749882e-01	9.975786924939467060e-02
2.728410513141419913e-01	9.975786924939467060e-02
3.028785982478099936e-01	9.975786924939467060e-02
3.329161451814769968e-01	9.975786924939467060e-02
3.629536921151430007e-01	9.975786924939467060e-02
3.929912390488110030e-01	9.975786924939467060e-02
4.230287859824780061e-01	9.975786924939467060e-02
4.530663329161440100e-01	9.975786924939467060e-02
4.831038798498120124e-01	9.975786924939467060e-02
5.131414267834789600e-01	9.975786924939467060e-02
5.431789737171449639e-01	9.975786924939467060e-02
5.732165206508139654e-01	9.975786924939467060e-02
6.032540675844799694e-01	9.975786924939467060e-02
6.332916145181479717e-01	9.975786924939467060e-02
6.633291614518149748e-01	9.975786924939467060e-02
6.933667083854809787e-01	9.975786924939467060e-02
7.234042553191489811e-01	9.975786924939467060e-02
7.534418022528159842e-01	9.975786924939467060e-02
7.834793491864819881e-01	9.975786924939467060e-02
8.135168961201499904e-01	9.975786924939467060e-02
8.435544430538169935e-01	9.975786924939467060e-02
8.735919899874829975e-01	9.975786924939467060e-02
9.036295369211519990e-01	9.975786924939467060e-02
9.336670838548180029e-01	9.975786924939467060e-02
9.637046307884840068e-01	9.975786924939467060e-02
9.937421777221530084e-01	9.975786924939467060e-02
1.023779724655820011e+00	9.975786924939467060e-02
1.053817271589490012e+00	9.975786924939467060e-02
1.083854818523150021e+00	9.975786924939467060e-02
1.113892365456820022e+00	9.975786924939467060e-02
1.143929912390490022e+00	9.975786924939467060e-02
1.173967459324150031e+00	9.975786924939467060e-02
1.204005006257820032e+00	9.975786924939467060e-02
1.234042553191490033e+00	9.975786924939467060e-02
1.264080100125160033e+00	9.975786924939467060e-02
1.294117647058820042e+00	9.975786924939467060e-02
1.324155193992490043e+00	9.975786924939467060e-02
1.354192740926160043e+00	9.975786924939467060e-02
1.384230287859820052e+00	9.975786924939467060e-02
1.414267834793490053e+00	9.975786924939467060e-02
1.444305381727160054e+00	9.975786924939467060e-02
1.474342928660830054e+00	9.975786924939467060e-02
1.504380475594490063e+00	9.975786924939467060e-02
1.534418022528160064e+00	9.975786924939467060e-02
1.564455569461830065e+00	9.975786924939467060e-02
1.594493116395490073e+00	9.975786924939467060e-02
1.624530663329160074e+00	9.975786924939467060e-02
1.654568210262830075e+00	9.975786924939467060e-02
1.684605757196500075e+00	9.975786924939467060e-02
1.714643304130160084e+00	9.975786924939467060e-02
1.744680851063830085e+00	9.975786924939467060e-02
1.774718397997500086e+00	9.975786924939467060e-02
1.804755944931160094e+00	9.975786924939467060e-02
1.834793491864830095e+00	9.975786924939467060e-02
1.864831038798500096e+00	9.975786924939467060e-02
1.894868585732170096e+00	9.975786924939467060e-02
1.924906132665830105e+00	9.975786924939467060e-02
1.954943679599500106e+00	9.975786924939467060e-02
1.984981226533170107e+00	9.975786924939467060e-02
2.015018773466830115e+00	9.975786924939467060e-02
2.045056320400500116e+00	9.975786924939467060e-02
2.075093867334170117e+00	9.975786924939467060e-02
2.105131414267829904e+00	9.975786924939467060e-02
2.135168961201499904e+00	9.975786924939467060e-02
2.165206508135169905e+00	9.975786924939467060e-02
2.195244055068839906e+00	9.975786924939467060e-02
2.225281602002500136e+00	9.975786924939467060e-02
2.255319148936170137e+00	9.975786924939467060e-02
2.285356695869840138e+00	9.975786924939467060e-02
2.315394242803499925e+00	9.975786924939467060e-02
2.345431789737169925e+00	9.975786924939467060e-02
2.375469336670839926e+00	9.975786924939467060e-02
2.405506883604509927e+00	9.975786924939467060e-02
2.435544430538170158e+00	9.975786924939467060e-02
2.465581977471840158e+00	9.975786924939467060e-02
2.495619524405510159e+00	9.975786924939467060e-02
2.525657071339169946e+00	9.975786924939467060e-02
2.555694618272839946e+00	9.975786924939467060e-02
2.585732165206509947e+00	9.975786924939467060e-02
2.615769712140170178e+00	9.975786924939467060e-02
2.645807259073840179e+00	9.975786924939467060e-02
2.675844806007510179e+00	9.975786924939467060e-02
2.705882352941180180e+00	9.975786924939467060e-02
2.735919899874839967e+00	9.975786924939467060e-02
2.765957446808509967e+00	9.975786924939467060e-02
2.795994993742179968e+00	9.975786924939467060e-02
2.826032540675849969e+00	9.975786924939467060e-02
2.856070087609510200e+00	9.975786924939467060e-02
2.886107634543180200e+00	9.975786924939467060e-02
2.916145181476850201e+00	9.975786924939467060e-02
2.946182728410509988e+00	9.975786924939467060e-02
2.976220275344179989e+00	9.975786924939467060e-02
3.006257822277849989e+00	9.975786924939467060e-02
3.036295369211510220e+00	9.975786924939467060e-02
3.066332916145180221e+00	9.975786924939467060e-02
3.096370463078850221e+00	9.975786924939467060e-02
3.126408010012510008e+00	9.975786924939467060e-02
3.156445556946180009e+00	9.975786924939467060e-02
3.186483103879850010e+00	9.975786924939467060e-02
3.216520650813520010e+00	9.975786924939467060e-02
3.246558197747179797e+00	9.975786924939467060e-02
3.276595744680849798e+00	9.975786924939467060e-02
3.306633291614519798e+00	9.975786924939467060e-02
3.336670838548189799e+00	9.975786924939467060e-02
3.366708385481850030e+00	9.975786924939467060e-02
3.396745932415520031e+00	9.975786924939467060e-02
3.426783479349190031e+00	9.975786924939467060e-02
3.456821026282849818e+00	9.975786924939467060e-02
3.486858573216519819e+00	9.975786924939467060e-02
3.516896120150189819e+00	9.975786924939467060e-02
3.546933667083850050e+00	9.975786924939467060e-02
3.576971214017520051e+00	9.975786924939467060e-02
3.607008760951190052e+00	9.975786924939467060e-02
3.637046307884860052e+00	9.975786924939467060e-02
3.667083854818519839e+00	9.975786924939467060e-02
3.697121401752189840e+00	9.975786924939467060e-02
3.727158948685859841e+00	9.975786924939467060e-02
3.757196495619520071e+00	9.975786924939467060e-02
3.787234042553190072e+00	9.975786924939467060e-02
3.817271589486860073e+00	9.975786924939467060e-02
3.847309136420530074e+00	9.975786924939467060e-02
3.877346683354189860e+00	9.975786924939467060e-02
3.907384230287859861e+00	9.975786924939467060e-02
3.937421777221529862e+00	9.975786924939467060e-02
3.967459324155190092e+00	9.975786924939467060e-02
3.997496871088860093e+00	9.975786924939467060e-02
4.027534418022529650e+00	9.975786924939467060e-02
4.057571964956189881e+00	9.975786924939467060e-02
4.087609511889859881e+00	9.975786924939467060e-02
4.117647058823529882e+00	9.975786924939467060e-02
4.147684605757199883e+00	9.975786924939467060e-02
4.177722152690860113e+00	9.975786924939467060e-02
4.207759699624530114e+00	9.975786924939467060e-02
4.237797246558200115e+00	9.975786924939467060e-02
4.267834793491860346e+00	9.975786924939467060e-02
4.297872340425530346e+00	9.975786924939467060e-02
4.327909887359200347e+00	9.975786924939467060e-02
4.357947434292870348e+00	9.975786924939467060e-02
4.387984981226529690e+00	9.975786924939467060e-02
4.418022528160199691e+00	9.975786924939467060e-02
4.448060075093869692e+00	9.975786924939467060e-02
4.478097622027529923e+00	9.975786924939467060e-02
4.508135168961199923e+00	9.975786924939467060e-02
4.538172715894869924e+00	9.975786924939467060e-02
4.568210262828530155e+00	9.975786924939467060e-02
4.598247809762200156e+00	9.975786924939467060e-02
4.628285356695870156e+00	9.975786924939467060e-02
4.658322903629540157e+00	9.975786924939467060e-02
4.688360450563200388e+00	9.975786924939467060e-02
4.718397997496870389e+00	9.975786924939467060e-02
4.748435544430540389e+00	9.975786924939467060e-02
4.778473091364210390e+00	9.975786924939467060e-02
4.808510638297869733e+00	9.975786924939467060e-02
4.838548185231539733e+00	9.975786924939467060e-02
4.868585732165209734e+00	9.975786924939467060e-02
4.898623279098869965e+00	9.975786924939467060e-02
4.928660826032539966e+00	9.975786924939467060e-02
4.958698372966209966e+00	9.975786924939467060e-02
4.988735919899870197e+00	9.975786924939467060e-02
5.018773466833540198e+00	9.975786924939467060e-02
5.048811013767210198e+00	9.975786924939467060e-02
5.078848560700870429e+00	9.975786924939467060e-02
5.108886107634540430e+00	9.975786924939467060e-02
5.138923654568210431e+00	9.975786924939467060e-02
5.168961201501880431e+00	9.975786924939467060e-02
5.198998748435539774e+00	9.975786924939467060e-02
5.229036295369209775e+00	9.975786924939467060e-02
5.259073842302879775e+00	9.975786924939467060e-02
5.289111389236549776e+00	9.975786924939467060e-02
5.319148936170210007e+00	9.975786924939467060e-02
5.349186483103880008e+00	9.975786924939467060e-02
5.379224030037550008e+00	9.975786924939467060e-02
5.409261576971210239e+00	9.975786924939467060e-02
5.439299123904880240e+00	9.975786924939467060e-02
5.469336670838550241e+00	9.975786924939467060e-02
5.499374217772209583e+00	9.975786924939467060e-02
5.529411764705879584e+00	9.975786924939467060e-02
5.559449311639549585e+00	9.975786924939467060e-02
5.589486858573219585e+00	9.975786924939467060e-02
5.619524405506879816e+00	9.975786924939467060e-02
5.649561952440549817e+00	9.975786924939467060e-02
5.679599499374219818e+00	9.975786924939467060e-02
5.709637046307880048e+00	9.975786924939467060e-02
5.739674593241550049e+00	9.975786924939467060e-02
5.769712140175220050e+00	9.975786924939467060e-02
5.799749687108890051e+00	9.975786924939467060e-02
5.829787234042550281e+00	9.975786924939467060e-02
5.859824780976220282e+00	9.975786924939467060e-02
5.889862327909890283e+00	9.975786924939467060e-02
5.919899874843549625e+00	9.975786924939467060e-02
5.949937421777219626e+00	9.975786924939467060e-02
5.979974968710889627e+00	9.975786924939467060e-02
6.010012515644549858e+00	9.975786924939467060e-02
6.040050062578219858e+00	9.975786924939467060e-02
6.070087609511889859e+00	9.975786924939467060e-02
6.100125156445559860e+00	9.975786924939467060e-02
6.130162703379220090e+00	9.975786924939467060e-02
6.160200250312890091e+00	9.975786924939467060e-02
6.190237797246560092e+00	9.975786924939467060e-02
6.220275344180230093e+00	9.975786924939467060e-02
6.250312891113890323e+00	9.975786924939467060e-02
6.280350438047560324e+00	9.975786924939467060e-02
6.310387984981230325e+00	9.975786924939467060e-02
6.340425531914889667e+00	9.975786924939467060e-02
6.370463078848559668e+00	9.975786924939467060e-02
6.400500625782229669e+00	9.975786924939467060e-02
6.430538172715899670e+00	9.975786924939467060e-02
6.460575719649559900e+00	9.975786924939467060e-02
6.490613266583229901e+00	9.975786924939467060e-02
6.520650813516890132e+00	9.975786924939467060e-02
6.550688360450560133e+00	9.975786924939467060e-02
6.580725907384230133e+00	9.975786924939467060e-02
6.610763454317900134e+00	9.975786924939467060e-02
6.640801001251560365e+00	9.975786924939467060e-02
6.670838548185230366e+00	9.975786924939467060e-02
6.700876095118900366e+00	9.975786924939467060e-02
6.730913642052570367e+00	9.975786924939467060e-02
6.760951188986229710e+00	9.975786924939467060e-02
6.790988735919899710e+00	9.975786924939467060e-02
6.821026282853569711e+00	9.975786924939467060e-02
6.851063829787229942e+00	9.975786924939467060e-02
6.881101376720899943e+00	9.975786924939467060e-02
6.911138923654569943e+00	9.975786924939467060e-02
6.941176470588239944e+00	9.975786924939467060e-02
6.971214017521900175e+00	9.975786924939467060e-02
7.001251564455570175e+00	9.975786924939467060e-02
7.031289111389230406e+00	9.975786924939467060e-02
7.061326658322900407e+00	9.975786924939467060e-02
7.091364205256570408e+00	9.975786924939467060e-02
7.121401752190240408e+00	9.975786924939467060e-02
7.151439299123899751e+00	9.975786924939467060e-02
7.181476846057569752e+00	9.975786924939467060e-02
7.211514392991239752e+00	9.975786924939467060e-02
7.241551939924909753e+00	9.975786924939467060e-02
7.271589486858569984e+00	9.975786924939467060e-02
7.301627033792239985e+00	9.975786924939467060e-02
7.331664580725909985e+00	9.975786924939467060e-02
7.361702127659570216e+00	9.975786924939467060e-02
7.391739674593240217e+00	9.975786924939467060e-02
7.421777221526910218e+00	9.975786924939467060e-02
7.451814768460580218e+00	9.975786924939467060e-02
7.481852315394239561e+00	9.975786924939467060e-02
7.511889862327909562e+00	9.975786924939467060e-02
7.541927409261579562e+00	9.975786924939467060e-02
7.571964956195249563e+00	9.975786924939467060e-02
7.602002503128909794e+00	9.975786924939467060e-02
7.632040050062579795e+00	9.975786924939467060e-02
7.662077596996240025e+00	9.975786924939467060e-02
7.692115143929910026e+00	9.975786924939467060e-02
7.722152690863580027e+00	9.975786924939467060e-02
7.752190237797250028e+00	9.975786924939467060e-02
7.782227784730910258e+00	9.975786924939467060e-02
7.812265331664580259e+00	9.975786924939467060e-02
7.842302878598250260e+00	9.975786924939467060e-02
7.872340425531909602e+00	9.975786924939467060e-02
7.902377972465579603e+00	9.975786924939467060e-02
7.932415519399249604e+00	9.975786924939467060e-02
7.962453066332919605e+00	9.975786924939467060e-02
7.992490613266579835e+00	9.975786924939467060e-02
8.022528160200250724e+00	9.975786924939467060e-02
8.052565707133920725e+00	9.975786924939467060e-02
8.082603254067590726e+00	9.975786924939467060e-02
8.112640801001250068e+00	9.975786924939467060e-02
8.142678347934920069e+00	9.975786924939467060e-02
8.172715894868579412e+00	9.975786924939467060e-02
8.202753441802249412e+00	9.975786924939467060e-02
8.232790988735919413e+00	9.975786924939467060e-02
8.262828535669589414e+00	9.975786924939467060e-02
8.292866082603250533e+00	9.975786924939467060e-02
8.322903629536920533e+00	9.975786924939467060e-02
8.352941176470590534e+00	9.975786924939467060e-02
8.382978723404249877e+00	9.975786924939467060e-02
8.413016270337919877e+00	9.975786924939467060e-02
8.443053817271589878e+00	9.975786924939467060e-02
8.473091364205259879e+00	9.975786924939467060e-02
8.503128911138919221e+00	9.975786924939467060e-02
8.533166458072589222e+00	9.975786924939467060e-02
8.563204005006259223e+00	9.975786924939467060e-02
8.593241551939929224e+00	9.975786924939467060e-02
8.623279098873590343e+00	9.975786924939467060e-02
8.653316645807260343e+00	9.975786924939467060e-02
8.683354192740930344e+00	9.975786924939467060e-02
8.713391739674589687e+00	9.975786924939467060e-02
8.743429286608259687e+00	9.975786924939467060e-02
8.773466833541929688e+00	9.975786924939467060e-02
8.803504380475590807e+00	9.975786924939467060e-02
8.833541927409260808e+00	9.975786924939467060e-02
8.863579474342930808e+00	9.975786924939467060e-02
8.893617021276590151e+00	9.975786924939467060e-02
8.923654568210260152e+00	9.975786924939467060e-02
8.953692115143930152e+00	9.975786924939467060e-02
8.983729662077600153e+00	9.975786924939467060e-02
9.013767209011259496e+00	9.975786924939467060e-02
9.043804755944929497e+00	9.975786924939467060e-02
9.073842302878599497e+00	9.975786924939467060e-02
9.103879849812269498e+00	9.975786924939467060e-02
9.133917396745930617e+00	9.975786924939467060e-02
9.163954943679600618e+00	9.975786924939467060e-02
9.193992490613270618e+00	9.975786924939467060e-02
9.224030037546929961e+00	9.975786924939467060e-02
9.254067584480599962e+00	9.975786924939467060e-02
9.284105131414269962e+00	9.975786924939467060e-02
9.314142678347929305e+00	9.975786924939467060e-02
9.344180225281599306e+00	9.975786924939467060e-02
9.374217772215269306e+00	9.975786924939467060e-02
9.404255319148930425e+00	9.975786924939467060e-02
9.434292866082600426e+00	9.975786924939467060e-02
9.464330413016270427e+00	9.975786924939467060e-02
9.494367959949940428e+00	9.975786924939467060e-02
9.524405506883599770e+00	9.975786924939467060e-02
9.554443053817269771e+00	9.975786924939467060e-02
9.584480600750939772e+00	9.975786924939467060e-02
9.614518147684609772e+00	9.975786924939467060e-02
9.644555694618269115e+00	9.975786924939467060e-02
9.674593241551939116e+00	9.975786924939467060e-02
9.704630788485609116e+00	9.975786924939467060e-02
9.734668335419270235e+00	9.975786924939467060e-02
9.764705882352940236e+00	9.975786924939467060e-02
9.794743429286610237e+00	9.975786924939467060e-02
9.824780976220269579e+00	9.975786924939467060e-02
9.854818523153939580e+00	9.975786924939467060e-02
9.884856070087609581e+00	9.975786924939467060e-02
9.914893617021270700e+00	9.975786924939467060e-02
9.944931163954940700e+00	9.975786924939467060e-02
9.974968710888610701e+00	9.975786924939467060e-02
1.000500625782230024e+01	9.975786924939467060e-02
1.003504380475589919e+01	9.975786924939467060e-02
1.006508135168959939e+01	9.975786924939467060e-02
1.009511889862329959e+01	9.975786924939467060e-02
1.012515644555690031e+01	9.975786924939467060e-02
1.015519399249060051e+01	9.975786924939467060e-02
1.018523153942430071e+01	9.975786924939467060e-02
1.021526908635789965e+01	9.975786924939467060e-02
1.024530663329159985e+01	9.975786924939467060e-02
1.027534418022530005e+01	9.975786924939467060e-02
1.030538172715890077e+01	9.975786924939467060e-02
1.033541927409259920e+01	9.975786924939467060e-02
1.036545682102629939e+01	9.975786924939467060e-02
1.039549436795990012e+01	9.975786924939467060e-02
1.042553191489360032e+01	9.975786924939467060e-02
1.045556946182730051e+01	9.975786924939467060e-02
1.048560700876100071e+01	9.975786924939467060e-02
1.051564455569459966e+01	9.975786924939467060e-02
1.054568210262829986e+01	9.975786924939467060e-02
1.057571964956200006e+01	9.975786924939467060e-02
1.060575719649560078e+01	9.975786924939467060e-02
1.063579474342929920e+01	9.975786924939467060e-02
1.066583229036299940e+01	9.975786924939467060e-02
1.069586983729660012e+01	9.975786924939467060e-02
1.072590738423030032e+01	9.975786924939467060e-02
1.075594493116400052e+01	9.975786924939467060e-02
1.078598247809759947e+01	9.975786924939467060e-02
1.081602002503129967e+01	9.975786924939467060e-02
1.084605757196499987e+01	9.975786924939467060e-02
1.087609511889860059e+01	9.975786924939467060e-02
1.090613266583230079e+01	9.975786924939467060e-02
1.093617021276599921e+01	9.975786924939467060e-02
1.096620775969959993e+01	9.975786924939467060e-02
1.099624530663330013e+01	9.975786924939467060e-02
1.102628285356700033e+01	9.975786924939467060e-02
1.105632040050059928e+01	9.975786924939467060e-02
1.108635794743429948e+01	9.975786924939467060e-02
1.111639549436799967e+01	9.975786924939467060e-02
1.114643304130160040e+01	9.975786924939467060e-02
1.117647058823530060e+01	9.975786924939467060e-02
1.120650813516900079e+01	9.975786924939467060e-02
1.123654568210259974e+01	9.975786924939467060e-02
1.126658322903629994e+01	9.975786924939467060e-02
1.129662077597000014e+01	9.975786924939467060e-02
1.132665832290360086e+01	9.975786924939467060e-02
1.135669586983729928e+01	9.975786924939467060e-02
1.138673341677099948e+01	9.975786924939467060e-02
1.141677096370460021e+01	9.975786924939467060e-02
1.144680851063830040e+01	9.975786924939467060e-02
1.147684605757200060e+01	9.975786924939467060e-02
1.150688360450559955e+01	9.975786924939467060e-02
1.153692115143929975e+01	9.975786924939467060e-02
1.156695869837299995e+01	9.975786924939467060e-02
1.159699624530660067e+01	9.975786924939467060e-02
1.162703379224030087e+01	9.975786924939467060e-02
1.165707133917399929e+01	9.975786924939467060e-02
1.168710888610760001e+01	9.975786924939467060e-02
1.171714643304130021e+01	9.975786924939467060e-02
1.174718397997500041e+01	9.975786924939467060e-02
1.177722152690859936e+01	9.975786924939467060e-02
1.180725907384229956e+01	9.975786924939467060e-02
1.183729662077599976e+01	9.975786924939467060e-02
1.186733416770960048e+01	9.975786924939467060e-02
1.189737171464330068e+01	9.975786924939467060e-02
1.192740926157700088e+01	9.975786924939467060e-02
1.195744680851059982e+01	9.975786924939467060e-02
1.198748435544430002e+01	9.975786924939467060e-02
1.201752190237800022e+01	9.975786924939467060e-02
1.204755944931159917e+01	9.975786924939467060e-02
1.207759699624529937e+01	9.975786924939467060e-02
1.210763454317899956e+01	9.975786924939467060e-02
1.213767209011260029e+01	9.975786924939467060e-02
1.216770963704630049e+01	9.975786924939467060e-02
1.219774718398000068e+01	9.975786924939467060e-02
1.222778473091359963e+01	9.975786924939467060e-02
1.225782227784729983e+01	9.975786924939467060e-02
1.228785982478100003e+01	9.975786924939467060e-02
1.231789737171460075e+01	9.975786924939467060e-02
1.234793491864829917e+01	9.975786924939467060e-02
1.237797246558199937e+01	9.975786924939467060e-02
1.240801001251560010e+01	9.975786924939467060e-02
1.243804755944930029e+01	9.975786924939467060e-02
1.246808510638300049e+01	9.975786924939467060e-02
1.249812265331659944e+01	9.975786924939467060e-02
1.252816020025029964e+01	9.975786924939467060e-02
1.255819774718399984e+01	9.975786924939467060e-02
1.258823529411760056e+01	9.975786924939467060e-02
1.261827284105130076e+01	9.975786924939467060e-02
1.264831038798499918e+01	9.975786924939467060e-02
1.267834793491859990e+01	9.975786924939467060e-02
1.270838548185230010e+01	9.975786924939467060e-02
1.273842302878600030e+01	9.975786924939467060e-02
1.276846057571959925e+01	9.975786924939467060e-02
1.279849812265329945e+01	9.975786924939467060e-02
1.282853566958699965e+01	9.975786924939467060e-02
1.285857321652069984e+01	9.975786924939467060e-02
1.288861076345430057e+01	9.975786924939467060e-02
1.291864831038800077e+01	9.975786924939467060e-02
1.294868585732169919e+01	9.975786924939467060e-02
1.297872340425529991e+01	9.975786924939467060e-02
1.300876095118900011e+01	9.975786924939467060e-02
1.303879849812270031e+01	9.975786924939467060e-02
1.306883604505629926e+01	9.975786924939467060e-02
1.309887359198999945e+01	9.975786924939467060e-02
1.312891113892369965e+01	9.975786924939467060e-02
1.315894868585730038e+01	9.975786924939467060e-02
1.318898623279100057e+01	9.975786924939467060e-02
1.321902377972470077e+01	9.975786924939467060e-02
1.324906132665829972e+01	9.975786924939467060e-02
1.327909887359199992e+01	9.975786924939467060e-02
1.330913642052570012e+01	9.975786924939467060e-02
1.333917396745930084e+01	9.975786924939467060e-02
1.336921151439299926e+01	9.975786924939467060e-02
1.339924906132669946e+01	9.975786924939467060e-02
1.342928660826030018e+01	9.975786924939467060e-02
1.345932415519400038e+01	9.975786924939467060e-02
1.348936170212770058e+01	9.975786924939467060e-02
1.351939924906129953e+01	9.975786924939467060e-02
1.354943679599499973e+01	9.975786924939467060e-02
1.357947434292869993e+01	9.975786924939467060e-02
1.360951188986230065e+01	9.975786924939467060e-02
1.363954943679600085e+01	9.975786924939467060e-02
1.366958698372969927e+01	9.975786924939467060e-02
1.369962453066329999e+01	9.975786924939467060e-02
1.372966207759700019e+01	9.975786924939467060e-02
1.375969962453070039e+01	9.975786924939467060e-02
1.378973717146429934e+01	9.975786924939467060e-02
1.381977471839799954e+01	9.975786924939467060e-02
1.384981226533169973e+01	9.975786924939467060e-02
1.387984981226530046e+01	9.975786924939467060e-02
1.390988735919900066e+01	9.975786924939467060e-02
1.393992490613270085e+01	9.975786924939467060e-02
1.396996245306629980e+01	9.975786924939467060e-02
1.400000000000000000e+01	9.975786924939467060e-02
